1
1000
1 100 100
1
101
1000
1 2 1 1
2 3 1 1
3 4 1 1
4 5 1 1
5 6 1 1
6 7 1 1
7 8 1 1
8 9 1 1
9 10 1 1
10 11 1 1
11 12 1 1
12 13 1 1
13 14 1 1
14 15 1 1
15 16 1 1
16 17 1 1
17 18 1 1
18 19 1 1
19 20 1 1
20 21 1 1
21 22 1 1
22 23 1 1
23 24 1 1
24 25 1 1
25 26 1 1
26 27 1 1
27 28 1 1
28 29 1 1
29 30 1 1
30 31 1 1
31 32 1 1
32 33 1 1
33 34 1 1
34 35 1 1
35 36 1 1
36 37 1 1
37 38 1 1
38 39 1 1
39 40 1 1
40 41 1 1
41 42 1 1
42 43 1 1
43 44 1 1
44 45 1 1
45 46 1 1
46 47 1 1
47 48 1 1
48 49 1 1
49 50 1 1
50 51 1 1
51 52 1 1
52 53 1 1
53 54 1 1
54 55 1 1
55 56 1 1
56 57 1 1
57 58 1 1
58 59 1 1
59 60 1 1
60 61 1 1
61 62 1 1
62 63 1 1
63 64 1 1
64 65 1 1
65 66 1 1
66 67 1 1
67 68 1 1
68 69 1 1
69 70 1 1
70 71 1 1
71 72 1 1
72 73 1 1
73 74 1 1
74 75 1 1
75 76 1 1
76 77 1 1
77 78 1 1
78 79 1 1
79 80 1 1
80 81 1 1
81 82 1 1
82 83 1 1
83 84 1 1
84 85 1 1
85 86 1 1
86 87 1 1
87 88 1 1
88 89 1 1
89 90 1 1
90 91 1 1
91 92 1 1
92 93 1 1
93 94 1 1
94 95 1 1
95 96 1 1
96 97 1 1
97 98 1 1
98 99 1 1
99 100 1 1
100 101 1 1
760 291 1 1
223 225 1 1
998 518 1 1
609 221 1 1
170 277 1 1
604 614 1 1
300 341 1 1
942 872 1 1
929 559 1 1
186 241 1 1
448 639 1 1
67 742 1 1
958 536 1 1
894 305 1 1
813 489 1 1
984 738 1 1
683 368 1 1
528 983 1 1
773 637 1 1
693 543 1 1
344 146 1 1
480 735 1 1
782 745 1 1
591 931 1 1
735 844 1 1
344 386 1 1
848 664 1 1
162 558 1 1
754 688 1 1
442 921 1 1
367 502 1 1
151 756 1 1
941 844 1 1
388 220 1 1
837 894 1 1
411 759 1 1
229 670 1 1
324 470 1 1
314 118 1 1
516 961 1 1
706 687 1 1
588 70 1 1
115 875 1 1
337 599 1 1
934 450 1 1
552 468 1 1
499 340 1 1
468 928 1 1
455 692 1 1
440 517 1 1
713 95 1 1
819 886 1 1
807 646 1 1
37 407 1 1
706 406 1 1
525 66 1 1
937 125 1 1
385 401 1 1
136 834 1 1
129 93 1 1
775 390 1 1
899 542 1 1
857 264 1 1
259 799 1 1
461 196 1 1
889 406 1 1
887 505 1 1
240 420 1 1
121 813 1 1
732 77 1 1
100 320 1 1
520 804 1 1
160 171 1 1
253 989 1 1
322 442 1 1
189 108 1 1
587 306 1 1
576 695 1 1
367 760 1 1
782 672 1 1
108 77 1 1
675 559 1 1
23 467 1 1
494 79 1 1
303 579 1 1
117 882 1 1
471 143 1 1
574 799 1 1
403 660 1 1
734 478 1 1
986 380 1 1
447 39 1 1
707 303 1 1
726 811 1 1
975 306 1 1
995 997 1 1
98 895 1 1
182 721 1 1
303 279 1 1
6 347 1 1
869 578 1 1
12 657 1 1
959 231 1 1
37 578 1 1
132 787 1 1
282 109 1 1
741 13 1 1
460 66 1 1
809 668 1 1
629 696 1 1
281 652 1 1
862 539 1 1
790 430 1 1
927 106 1 1
572 860 1 1
604 730 1 1
977 891 1 1
237 36 1 1
24 529 1 1
492 66 1 1
64 537 1 1
280 58 1 1
194 899 1 1
227 360 1 1
651 334 1 1
233 249 1 1
518 653 1 1
111 557 1 1
531 328 1 1
726 380 1 1
594 427 1 1
70 952 1 1
9 586 1 1
411 968 1 1
658 560 1 1
34 678 1 1
259 49 1 1
663 254 1 1
101 992 1 1
612 191 1 1
832 254 1 1
715 885 1 1
982 170 1 1
457 721 1 1
35 585 1 1
121 664 1 1
590 604 1 1
467 613 1 1
332 519 1 1
814 259 1 1
201 234 1 1
639 271 1 1
997 526 1 1
739 248 1 1
373 198 1 1
61 687 1 1
136 514 1 1
418 588 1 1
305 903 1 1
525 713 1 1
178 971 1 1
11 542 1 1
25 475 1 1
137 181 1 1
607 652 1 1
908 610 1 1
779 580 1 1
767 922 1 1
200 768 1 1
358 525 1 1
225 322 1 1
496 464 1 1
730 602 1 1
420 356 1 1
936 609 1 1
995 547 1 1
912 950 1 1
609 970 1 1
397 644 1 1
680 880 1 1
711 60 1 1
966 784 1 1
108 914 1 1
550 951 1 1
815 883 1 1
425 325 1 1
708 640 1 1
85 809 1 1
891 353 1 1
134 562 1 1
980 525 1 1
662 9 1 1
968 836 1 1
369 226 1 1
941 792 1 1
304 622 1 1
441 88 1 1
833 645 1 1
844 838 1 1
141 48 1 1
117 226 1 1
77 137 1 1
421 78 1 1
958 533 1 1
903 375 1 1
460 879 1 1
325 632 1 1
948 737 1 1
916 466 1 1
62 240 1 1
743 627 1 1
784 123 1 1
327 52 1 1
49 957 1 1
127 43 1 1
221 581 1 1
743 768 1 1
684 853 1 1
127 26 1 1
1000 507 1 1
851 354 1 1
586 809 1 1
596 263 1 1
609 788 1 1
129 667 1 1
984 595 1 1
637 388 1 1
445 887 1 1
835 618 1 1
408 722 1 1
660 218 1 1
283 719 1 1
849 62 1 1
445 618 1 1
896 570 1 1
744 222 1 1
283 741 1 1
82 345 1 1
829 353 1 1
928 399 1 1
394 1000 1 1
731 595 1 1
749 254 1 1
289 374 1 1
591 111 1 1
422 550 1 1
481 371 1 1
668 900 1 1
999 349 1 1
873 694 1 1
20 558 1 1
466 101 1 1
356 704 1 1
513 508 1 1
978 690 1 1
136 240 1 1
375 303 1 1
300 419 1 1
228 236 1 1
647 923 1 1
264 194 1 1
625 646 1 1
202 747 1 1
50 915 1 1
695 933 1 1
573 712 1 1
81 138 1 1
796 269 1 1
623 654 1 1
800 923 1 1
155 580 1 1
974 80 1 1
337 925 1 1
217 330 1 1
480 197 1 1
95 849 1 1
893 168 1 1
313 354 1 1
759 875 1 1
988 716 1 1
917 190 1 1
738 968 1 1
400 527 1 1
73 18 1 1
169 727 1 1
851 617 1 1
287 469 1 1
860 224 1 1
603 881 1 1
184 932 1 1
314 301 1 1
5 101 1 1
131 389 1 1
944 437 1 1
171 176 1 1
164 93 1 1
111 43 1 1
314 16 1 1
896 561 1 1
629 724 1 1
110 180 1 1
813 34 1 1
487 680 1 1
725 471 1 1
149 408 1 1
561 726 1 1
977 747 1 1
57 661 1 1
949 150 1 1
171 788 1 1
572 874 1 1
649 897 1 1
170 507 1 1
919 450 1 1
97 690 1 1
520 232 1 1
835 794 1 1
891 283 1 1
812 897 1 1
157 172 1 1
266 36 1 1
242 257 1 1
614 677 1 1
571 458 1 1
7 277 1 1
639 602 1 1
627 433 1 1
160 582 1 1
627 551 1 1
51 336 1 1
245 11 1 1
775 143 1 1
750 878 1 1
861 771 1 1
186 457 1 1
703 884 1 1
458 865 1 1
848 898 1 1
315 119 1 1
930 808 1 1
335 56 1 1
293 720 1 1
249 83 1 1
751 493 1 1
490 293 1 1
202 695 1 1
857 789 1 1
94 30 1 1
669 898 1 1
412 992 1 1
429 977 1 1
399 621 1 1
538 670 1 1
618 156 1 1
758 144 1 1
865 319 1 1
737 40 1 1
12 769 1 1
968 530 1 1
805 628 1 1
491 456 1 1
367 128 1 1
837 456 1 1
677 720 1 1
244 137 1 1
811 463 1 1
48 644 1 1
652 909 1 1
250 422 1 1
766 951 1 1
573 79 1 1
901 120 1 1
463 658 1 1
617 558 1 1
177 788 1 1
407 559 1 1
943 275 1 1
937 329 1 1
588 620 1 1
444 812 1 1
739 364 1 1
468 252 1 1
282 515 1 1
87 744 1 1
901 298 1 1
842 927 1 1
712 777 1 1
690 530 1 1
76 890 1 1
283 526 1 1
998 391 1 1
873 481 1 1
32 850 1 1
177 963 1 1
697 131 1 1
265 959 1 1
196 829 1 1
380 21 1 1
828 605 1 1
226 805 1 1
981 498 1 1
746 982 1 1
474 266 1 1
322 205 1 1
449 547 1 1
693 579 1 1
372 506 1 1
533 720 1 1
478 730 1 1
10 111 1 1
766 5 1 1
113 32 1 1
520 282 1 1
184 286 1 1
421 440 1 1
858 723 1 1
21 513 1 1
25 233 1 1
129 686 1 1
524 423 1 1
556 638 1 1
339 225 1 1
914 207 1 1
553 300 1 1
263 403 1 1
482 685 1 1
233 235 1 1
243 377 1 1
169 362 1 1
225 23 1 1
781 971 1 1
308 313 1 1
90 798 1 1
198 156 1 1
812 992 1 1
863 486 1 1
171 581 1 1
130 147 1 1
68 948 1 1
658 489 1 1
716 604 1 1
535 40 1 1
643 580 1 1
115 266 1 1
879 197 1 1
733 185 1 1
81 663 1 1
52 770 1 1
404 46 1 1
828 811 1 1
132 5 1 1
497 289 1 1
332 909 1 1
932 165 1 1
637 413 1 1
568 728 1 1
28 212 1 1
500 238 1 1
126 242 1 1
605 921 1 1
875 200 1 1
908 544 1 1
636 976 1 1
412 175 1 1
755 852 1 1
637 768 1 1
614 290 1 1
120 811 1 1
898 877 1 1
493 596 1 1
342 911 1 1
256 552 1 1
367 589 1 1
983 796 1 1
759 742 1 1
780 353 1 1
214 908 1 1
851 834 1 1
155 908 1 1
345 604 1 1
811 801 1 1
203 260 1 1
348 896 1 1
120 379 1 1
326 950 1 1
395 626 1 1
407 843 1 1
925 756 1 1
378 328 1 1
790 937 1 1
746 232 1 1
911 657 1 1
302 121 1 1
429 597 1 1
746 857 1 1
980 783 1 1
980 729 1 1
889 88 1 1
468 753 1 1
310 519 1 1
358 705 1 1
740 235 1 1
519 978 1 1
742 756 1 1
361 842 1 1
547 159 1 1
457 104 1 1
739 749 1 1
206 605 1 1
319 441 1 1
372 559 1 1
629 855 1 1
780 200 1 1
615 44 1 1
378 961 1 1
865 264 1 1
773 231 1 1
483 563 1 1
848 649 1 1
808 131 1 1
925 903 1 1
709 62 1 1
955 625 1 1
449 403 1 1
807 78 1 1
287 392 1 1
205 296 1 1
88 244 1 1
788 982 1 1
404 219 1 1
793 766 1 1
206 42 1 1
308 31 1 1
867 614 1 1
853 918 1 1
563 382 1 1
193 378 1 1
8 263 1 1
756 80 1 1
541 457 1 1
466 772 1 1
874 20 1 1
553 694 1 1
2 784 1 1
652 99 1 1
274 889 1 1
867 655 1 1
234 424 1 1
875 407 1 1
936 309 1 1
397 70 1 1
270 851 1 1
779 126 1 1
590 595 1 1
417 163 1 1
547 382 1 1
196 378 1 1
191 605 1 1
605 970 1 1
30 267 1 1
619 496 1 1
850 659 1 1
932 642 1 1
361 628 1 1
944 381 1 1
13 869 1 1
947 76 1 1
838 126 1 1
844 462 1 1
579 872 1 1
753 546 1 1
434 199 1 1
615 405 1 1
450 34 1 1
956 721 1 1
662 279 1 1
963 406 1 1
353 511 1 1
379 141 1 1
311 160 1 1
886 920 1 1
165 762 1 1
796 74 1 1
988 427 1 1
178 768 1 1
75 446 1 1
53 484 1 1
925 545 1 1
683 173 1 1
571 657 1 1
274 538 1 1
192 262 1 1
198 63 1 1
749 207 1 1
24 152 1 1
177 131 1 1
504 157 1 1
505 216 1 1
33 525 1 1
694 711 1 1
194 922 1 1
608 230 1 1
359 592 1 1
11 373 1 1
473 924 1 1
377 548 1 1
974 42 1 1
634 418 1 1
353 585 1 1
581 602 1 1
324 491 1 1
303 959 1 1
848 436 1 1
163 368 1 1
592 485 1 1
242 765 1 1
114 332 1 1
452 44 1 1
982 921 1 1
141 698 1 1
852 546 1 1
159 22 1 1
61 647 1 1
381 254 1 1
560 440 1 1
206 480 1 1
546 327 1 1
41 797 1 1
745 901 1 1
490 65 1 1
439 93 1 1
4 858 1 1
710 873 1 1
46 75 1 1
793 847 1 1
126 753 1 1
333 781 1 1
991 570 1 1
972 849 1 1
976 539 1 1
9 431 1 1
100 204 1 1
418 696 1 1
985 816 1 1
188 558 1 1
152 370 1 1
49 818 1 1
363 630 1 1
649 126 1 1
389 950 1 1
538 907 1 1
897 733 1 1
619 439 1 1
875 945 1 1
962 390 1 1
510 14 1 1
670 66 1 1
575 532 1 1
347 46 1 1
337 491 1 1
24 227 1 1
670 528 1 1
379 413 1 1
928 862 1 1
211 311 1 1
76 965 1 1
382 749 1 1
141 317 1 1
99 701 1 1
546 652 1 1
701 225 1 1
665 383 1 1
586 653 1 1
321 132 1 1
347 97 1 1
924 67 1 1
923 749 1 1
842 191 1 1
383 272 1 1
360 472 1 1
803 352 1 1
547 655 1 1
995 3 1 1
678 829 1 1
690 169 1 1
324 14 1 1
511 265 1 1
468 636 1 1
438 638 1 1
159 433 1 1
486 695 1 1
334 441 1 1
200 691 1 1
463 607 1 1
484 515 1 1
955 872 1 1
696 907 1 1
578 485 1 1
229 615 1 1
365 435 1 1
840 918 1 1
811 519 1 1
182 878 1 1
759 515 1 1
958 187 1 1
720 212 1 1
719 508 1 1
411 724 1 1
23 723 1 1
575 395 1 1
579 737 1 1
494 769 1 1
387 810 1 1
552 610 1 1
133 181 1 1
250 74 1 1
295 885 1 1
854 125 1 1
546 210 1 1
292 221 1 1
961 214 1 1
988 814 1 1
933 45 1 1
741 593 1 1
776 702 1 1
242 110 1 1
356 512 1 1
58 677 1 1
414 703 1 1
86 542 1 1
863 186 1 1
529 125 1 1
957 105 1 1
233 159 1 1
782 127 1 1
684 341 1 1
977 107 1 1
801 504 1 1
26 959 1 1
982 255 1 1
819 92 1 1
440 42 1 1
439 202 1 1
719 460 1 1
14 383 1 1
994 327 1 1
835 843 1 1
957 656 1 1
794 981 1 1
981 334 1 1
57 872 1 1
84 844 1 1
545 742 1 1
609 492 1 1
465 409 1 1
513 433 1 1
690 590 1 1
435 117 1 1
524 762 1 1
574 318 1 1
362 871 1 1
652 565 1 1
732 436 1 1
495 111 1 1
910 2 1 1
610 767 1 1
918 484 1 1
169 896 1 1
573 704 1 1
822 4 1 1
758 787 1 1
156 46 1 1
413 206 1 1
244 281 1 1
686 583 1 1
726 512 1 1
306 353 1 1
484 33 1 1
372 525 1 1
332 960 1 1
605 521 1 1
577 802 1 1
213 55 1 1
875 721 1 1
509 504 1 1
190 354 1 1
849 686 1 1
521 811 1 1
77 357 1 1
732 100 1 1
464 812 1 1
342 987 1 1
523 382 1 1
234 690 1 1
812 361 1 1
218 102 1 1
983 545 1 1
591 830 1 1
227 738 1 1
986 516 1 1
234 749 1 1
254 282 1 1
758 306 1 1
733 753 1 1
78 187 1 1
12 694 1 1
1 423 1 1
278 592 1 1
354 640 1 1
12 370 1 1
687 258 1 1
4 233 1 1
986 759 1 1
239 995 1 1
200 401 1 1
478 228 1 1
478 805 1 1
328 822 1 1
458 211 1 1
944 137 1 1
805 425 1 1
102 263 1 1
71 20 1 1
957 17 1 1
703 137 1 1
556 434 1 1
570 201 1 1
702 581 1 1
203 295 1 1
351 28 1 1
991 970 1 1
825 788 1 1
782 258 1 1
660 225 1 1
724 702 1 1
909 671 1 1
823 145 1 1
530 640 1 1
563 764 1 1
32 368 1 1
145 495 1 1
63 706 1 1
539 378 1 1
835 848 1 1
217 239 1 1
915 779 1 1
514 605 1 1
233 123 1 1
73 477 1 1
677 164 1 1
564 283 1 1
117 211 1 1
140 897 1 1
608 401 1 1
227 401 1 1
627 492 1 1
199 341 1 1
159 213 1 1
975 1 1 1
419 849 1 1
809 143 1 1
610 155 1 1
965 941 1 1
283 889 1 1
259 672 1 1
852 36 1 1
179 85 1 1
520 794 1 1
345 567 1 1
422 16 1 1
941 427 1 1
661 576 1 1
395 853 1 1
598 16 1 1
873 920 1 1
210 408 1 1
974 982 1 1
712 516 1 1
690 300 1 1
393 65 1 1
389 899 1 1
200 609 1 1
896 637 1 1
610 552 1 1
309 725 1 1
534 758 1 1
693 872 1 1
109 908 1 1
618 196 1 1
154 341 1 1
374 146 1 1
369 639 1 1
716 541 1 1
517 522 1 1
885 861 1 1
969 172 1 1
716 5 1 1
280 355 1 1
33 770 1 1
752 190 1 1
