10000 9999 100 30
0 6770
0 9157
0 8536
1 6361
1 8051
1 5676
2 9401
3 2262
3 1499
3 3587
4 1320
5 7946
6 2695
6 7941
6 2367
7 18
7 2385
8 3122
8 506
9 4286
10 9376
10 8088
11 9671
11 5734
12 5126
12 3976
12 9839
13 603
14 9017
14 8419
15 4773
15 2614
15 2690
16 8715
16 4305
16 895
17 7517
17 856
17 3576
19 1550
19 1037
20 2705
20 3965
20 4178
20 4975
21 9608
22 907
22 1941
23 1716
23 6296
24 5972
24 442
25 1261
25 4440
25 8083
25 3961
26 7704
27 3607
27 9227
28 9652
28 7193
29 6113
30 5232
31 1061
31 1864
32 5538
32 3126
33 48
33 2584
33 7426
33 4806
34 358
35 7259
35 4688
35 4705
36 5040
36 9570
37 4467
38 5165
38 4765
39 8009
40 2467
40 4704
41 3245
42 975
42 1051
42 1585
42 9510
42 3150
43 3696
43 5107
44 1422
44 1476
45 6783
46 4204
46 8004
46 298
47 8819
48 1901
48 3514
48 3812
49 7759
49 9524
50 1000
50 9961
51 2108
51 9310
52 8835
53 1379
53 815
53 9853
53 5428
54 6581
54 9264
54 2873
55 1489
55 9977
56 2231
56 9545
57 3835
57 1938
57 8279
58 4796
58 7310
58 7365
58 118
59 7873
59 2494
60 5367
60 7874
61 3657
61 5747
62 2477
62 7837
62 7021
63 4029
63 9496
63 8530
64 3639
64 9062
65 4905
65 6261
66 8364
66 4839
67 7192
67 8923
68 9289
68 8905
69 1543
70 6279
70 5137
71 3161
72 9231
73 4513
73 7801
73 6207
74 9070
75 4350
76 1646
76 4963
77 4286
77 6408
77 7694
78 752
78 2455
78 6260
79 5703
79 6938
79 3937
79 9821
80 9995
81 1443
82 6958
83 8212
83 382
84 5498
85 1525
86 5401
86 3974
87 1107
87 4995
88 5502
88 3196
89 4014
89 235
90 2445
90 5863
91 5485
91 5579
92 5280
92 3864
93 6399
93 3478
94 8820
94 4801
95 5933
96 7416
96 281
96 9118
97 6718
97 6781
98 6716
99 4103
100 7294
101 432
101 7388
101 5623
102 1536
103 2503
103 2515
104 3230
105 4770
106 1934
106 732
107 5720
107 8016
107 1281
108 6917
108 4062
108 5617
109 9784
109 5679
110 1598
111 748
112 9643
113 9942
113 4364
114 3291
115 2338
115 8739
115 7993
116 2072
116 2616
116 7105
116 6892
117 4329
117 4158
117 5474
118 2458
118 6794
119 5904
120 7974
121 2032
121 6017
122 2174
122 3356
122 9550
122 6212
123 9403
123 2020
124 3173
125 3392
125 7591
126 8432
127 4825
127 6848
127 3067
128 4667
128 792
129 9435
130 8252
131 8122
131 2140
132 6475
132 4908
132 8648
132 6709
133 465
134 3864
134 885
135 7532
135 7896
135 6296
136 2066
136 2166
137 5524
137 3093
137 9792
137 7991
138 5920
139 5711
139 6329
139 210
140 2900
140 6309
140 8391
140 4131
140 8540
141 9931
141 8707
141 4701
142 4682
142 5281
143 3412
143 7872
144 1820
144 7023
145 4012
146 8818
146 3775
147 1213
147 5833
148 9859
149 1486
149 2260
150 1331
150 6149
150 1276
150 8148
151 9533
151 4421
151 9510
152 4628
152 4021
152 2448
152 8543
153 2053
153 3610
154 7040
155 7685
155 8837
155 1123
156 4986
157 6578
157 2744
158 772
158 6512
159 5015
159 5684
160 5855
161 964
161 5758
161 4861
162 6986
162 4147
163 6602
163 9886
163 5253
164 9652
165 1959
166 1469
167 8194
168 1434
168 2125
169 8605
170 3262
171 1423
171 3641
172 4498
172 7618
172 9336
173 1914
174 1084
174 7108
174 8953
175 5786
175 2972
176 4331
176 1447
176 3819
177 2643
177 3519
177 7601
178 9964
179 3054
179 3350
179 6853
180 8401
180 3905
180 7888
181 553
181 8493
181 2368
181 3786
182 8335
182 4408
182 1871
183 4065
183 3109
184 1284
184 4499
185 4939
185 1756
186 3602
186 9248
186 6544
187 4389
188 7494
188 3339
189 5116
190 5739
190 9163
190 6701
191 8407
191 1651
192 7208
192 3465
192 9811
193 9954
193 2280
193 1760
194 1834
194 5187
194 7545
195 3964
195 8290
196 3214
197 6222
198 7925
199 2195
199 3628
199 9805
199 3520
200 814
200 1598
200 6737
200 3002
200 3003
201 3649
202 2622
202 1910
203 236
203 5198
204 1324
204 2089
205 222
205 9554
205 705
205 4988
206 7300
206 3862
206 6942
207 3714
207 6583
207 2565
207 3543
208 6183
208 3940
209 5060
209 6150
210 1102
210 1294
211 2262
212 4057
212 3721
213 9786
214 914
214 7727
214 3471
215 9827
215 1903
216 3438
217 2750
217 4239
217 5198
217 5424
218 2887
218 7253
219 4640
219 5241
219 7977
220 8554
221 3100
221 8307
221 6398
223 6195
223 4367
224 3092
225 2771
226 6655
226 4418
227 9988
227 4648
228 1397
228 3438
229 1522
229 4849
230 279
231 3377
231 2461
231 3206
231 7942
231 7678
231 1582
232 8679
232 8870
232 3409
233 4376
233 4729
233 6083
234 5454
235 9486
235 3151
236 2767
237 9138
238 1690
238 9186
239 9128
239 9614
240 1182
240 5709
241 4405
241 9293
241 1670
241 2067
241 1711
242 471
242 2575
242 8285
243 2391
243 4108
244 5015
245 2484
245 7772
246 1576
246 5171
246 6545
246 5838
246 5333
246 4832
247 6137
248 6183
249 1847
249 2717
250 9092
250 9986
251 2882
251 8750
252 9788
252 5712
253 8640
254 6376
255 7838
255 2780
256 4737
257 1919
257 6726
257 8800
258 2078
259 2859
259 7908
259 9437
259 2447
260 6186
260 6876
260 4107
260 5085
261 8007
262 5202
262 6367
262 825
263 881
264 3036
265 6401
265 5575
266 1640
266 1795
267 6928
268 9730
269 6516
270 6864
270 3477
270 6943
270 1413
271 9796
271 4645
272 8693
272 4211
272 7700
273 2833
273 1926
274 1572
275 7229
276 4019
277 3648
277 7419
278 2927
278 7624
279 6240
279 4709
280 2917
280 8786
280 6197
281 2409
282 1459
283 9392
283 1449
284 9882
285 6622
285 2739
286 7309
287 7326
288 2606
288 6926
289 3687
289 8380
290 6226
291 6037
291 1522
292 4350
292 4158
293 3906
293 3725
294 9761
294 1449
294 4108
295 6838
295 9379
295 2797
295 3520
296 3962
296 4034
296 6067
297 1252
298 7220
298 8185
298 5440
299 2399
299 9386
300 8623
300 2934
300 4890
301 7969
301 4853
301 2889
302 8465
303 329
303 1371
303 1463
304 6986
305 3531
305 8750
306 9488
306 8152
307 7715
308 4971
309 6702
310 8259
310 9120
310 3533
311 6398
311 323
311 9236
312 8601
312 4193
313 6001
313 8084
314 1407
315 6425
315 9753
315 5796
316 1307
316 8711
317 3148
318 3105
318 1065
319 7363
319 3396
320 4355
321 7395
322 7989
323 7427
324 2820
325 5934
325 822
326 2531
326 1483
327 4149
327 7955
328 1745
328 4433
328 566
330 358
331 6631
331 4391
331 7305
332 546
332 3535
332 5089
332 8952
333 7153
333 3051
334 8813
335 2023
336 9526
336 3165
337 4114
338 9656
339 5915
340 3095
340 3916
340 6225
340 1411
341 5945
341 2724
342 3072
343 8798
343 9631
343 3108
343 6765
344 4199
345 6580
345 6617
345 7455
346 8236
347 5332
347 8394
348 6427
348 4492
349 3389
349 9727
350 871
350 7966
350 7378
351 8378
351 9317
352 7397
353 9959
353 3963
354 2763
354 2966
354 884
354 644
354 782
355 5397
356 8468
357 3993
357 7630
357 6285
357 5726
358 4174
359 7657
359 2298
360 6726
361 9807
361 4370
362 5024
362 7599
363 8901
363 3973
363 7731
364 4512
364 459
364 6181
364 9717
365 6909
366 7952
367 8538
367 2449
368 8154
368 1106
369 4389
370 9871
371 7535
371 8463
372 5344
372 7922
372 5163
373 5354
373 9527
374 7777
375 5507
375 7886
375 6962
376 6409
376 7255
377 7840
378 5862
378 7335
378 6320
379 8061
380 7602
380 3427
381 6333
381 4131
382 8333
382 4675
383 6429
383 3294
384 2329
385 6184
386 6179
386 6616
386 5580
387 8137
388 5008
389 1641
389 5205
389 3447
389 4441
390 7655
391 6990
391 2790
391 780
392 5298
393 2293
393 9394
394 4605
394 6853
394 9160
395 3332
395 4210
396 6004
397 2671
398 2647
398 2850
398 7396
398 8935
399 2023
399 7093
399 2487
399 6988
399 843
400 7509
400 7874
401 9580
401 9839
402 4504
402 3824
402 9342
402 1981
403 6161
404 888
404 5749
404 2114
405 9880
406 1317
406 6394
406 5299
407 4354
408 4874
408 9682
408 1004
408 3406
409 8042
409 2451
410 5362
410 3568
411 5244
412 3426
412 5807
412 8596
412 1348
413 467
413 5193
414 9625
414 1524
415 6525
416 5792
416 4113
417 6336
417 423
417 929
417 4542
418 7995
419 2591
420 4764
421 6662
421 8818
422 7919
422 9298
422 2627
422 5860
423 6995
424 963
424 3048
424 1144
424 2095
425 9172
426 3903
426 4132
427 3381
427 1426
428 2724
428 8810
429 6684
429 8576
429 9829
429 4137
430 4113
430 7315
431 6809
431 5456
433 7228
433 8489
433 2660
434 7140
434 3306
435 7362
436 935
437 3152
437 3125
437 1102
438 1224
438 7334
439 2991
440 493
441 9993
442 7514
443 1710
443 2276
443 5786
444 9335
445 1837
446 6568
446 7135
446 9146
446 646
447 6076
448 6491
448 5874
448 2267
449 5907
449 9267
449 7114
449 7266
450 9012
450 9346
451 3878
451 3041
452 3692
452 9800
452 6749
453 5931
454 8150
455 9662
456 5687
456 6595
456 2197
457 1798
457 1027
458 938
458 5904
459 2215
459 7442
459 8526
460 1020
461 3156
462 6686
462 7287
462 5464
463 9251
463 8946
464 2529
465 2635
465 6060
466 9458
466 1930
467 6591
467 9124
468 3513
468 1764
468 3111
469 3853
469 1988
470 4411
472 6915
473 8599
474 8055
475 4635
475 8278
476 8396
476 5080
477 2073
477 4788
478 1242
479 6832
479 4739
480 7682
481 3802
482 6572
482 6925
483 8319
483 1694
484 1945
484 8326
485 1640
486 6077
487 1882
487 6639
487 1260
488 2282
488 8802
489 1001
489 4027
489 2983
490 3936
490 5567
491 5930
492 9321
492 3345
493 5883
493 5056
493 7898
493 5705
494 5779
494 583
495 2375
496 7758
496 5451
497 819
497 1935
497 7788
498 961
498 8624
498 9989
498 1136
499 694
499 3042
500 3987
501 9938
502 5684
502 7744
503 2120
503 2371
503 1322
503 3182
504 5215
505 524
505 5219
505 4861
505 1661
505 4142
506 6941
507 1613
507 3202
507 6907
508 3116
508 3507
509 2363
510 617
511 5829
511 5960
512 7851
512 741
513 7121
513 9847
513 5665
514 1832
514 1863
515 1594
516 1727
517 7757
517 5657
518 741
519 7829
520 7581
521 1130
522 622
522 1403
523 642
523 4136
523 8034
525 6771
525 5964
526 9034
527 846
527 981
528 6928
528 9035
528 2792
529 2765
529 9967
529 9551
530 2897
530 5804
530 5270
530 854
531 2080
532 1368
533 7019
533 8715
534 3989
534 8453
534 4124
535 631
535 2839
536 927
536 2117
536 7182
537 6212
537 789
537 3786
538 1042
538 6495
538 7852
539 4872
539 5127
540 2638
541 4344
542 4760
542 2490
543 9466
543 7637
544 7405
545 8186
547 6411
547 1224
548 2245
549 5259
549 4349
550 5683
550 7865
551 3093
552 9880
552 5079
553 7172
554 594
554 5696
554 7616
555 8547
555 8039
555 617
556 7223
557 7850
558 6552
558 5618
559 7200
560 7621
560 5643
561 1730
561 5161
562 7914
562 1539
563 3020
563 2220
563 9116
564 8683
564 8930
564 6405
565 7324
566 7117
566 5360
567 5857
567 1186
567 6524
567 4300
567 885
568 8041
568 5079
569 7789
569 8301
569 6298
569 9498
570 1329
570 2633
571 734
571 3836
571 2799
572 9151
573 8365
573 3778
574 4528
575 7865
575 9245
576 3145
576 4371
576 2346
577 2054
577 5932
578 1057
578 8246
579 7822
580 1394
580 6344
580 8270
580 4657
580 2084
581 9491
582 1043
583 638
583 5650
584 8952
584 9249
584 8591
585 1542
585 2377
586 5115
586 7503
587 4780
588 5954
589 1620
589 6030
590 4686
591 5490
591 3529
592 3562
592 9278
592 7712
593 5900
595 8437
595 4897
596 4863
596 4729
597 1371
598 2248
598 3432
599 9207
599 9045
600 4543
600 7794
600 801
601 6692
601 7397
602 8231
603 5775
603 6727
603 6427
604 4518
605 2291
605 2691
605 4728
606 4584
607 4491
608 4142
608 7006
609 7242
609 4086
610 5752
610 2571
610 9113
611 7751
612 7056
613 8347
613 2141
613 6687
614 7278
615 4613
615 2518
616 9044
616 8515
617 6790
618 1915
618 9477
618 8552
619 6085
620 9637
620 2478
621 3795
621 6113
621 7025
623 4089
624 9906
625 4233
625 779
626 5230
626 7905
627 3906
628 6642
628 1164
629 5729
629 6765
630 8773
632 9707
632 3597
632 844
633 1575
633 6118
633 7557
633 9424
633 1670
634 4015
634 5816
635 5511
636 8054
636 9476
636 9831
637 8904
637 9390
637 7220
638 4851
639 5866
639 6349
639 9373
639 3259
640 6070
641 6232
641 1925
643 2997
643 2076
644 8727
644 7550
645 853
646 2202
646 9828
646 9175
647 3591
647 8360
647 9866
648 780
648 5250
648 9702
649 9059
649 7928
649 4729
650 5719
650 8102
650 9812
651 2365
651 4891
651 2366
651 8691
652 7514
652 5496
653 821
653 7736
654 3427
655 2209
655 2333
655 2131
655 1579
656 9183
656 9116
656 2402
657 7314
657 6875
658 8515
658 3639
659 7094
660 5627
661 3413
661 4424
661 9016
662 1271
663 4610
663 4928
663 1085
663 1693
664 5224
664 9937
665 2582
666 1868
667 970
667 2363
668 9495
668 3376
669 4170
669 7938
669 9360
669 6286
670 4388
670 4311
671 3004
671 1792
671 7372
672 8281
672 4053
672 7027
673 8126
673 3961
674 6547
675 1173
675 1017
675 9787
675 8506
676 8964
677 2223
678 7603
679 5311
679 8872
680 2593
680 1277
681 8102
682 1231
683 2097
684 1211
685 3495
685 6272
685 7741
686 5740
687 5599
687 4263
688 732
688 1090
689 7923
689 7057
690 2039
690 2797
691 8524
692 3948
692 9693
692 2965
693 2846
693 9615
693 2241
695 4549
695 7588
695 6849
696 8608
697 6953
697 7149
697 8522
697 2931
698 2406
698 9886
699 2462
700 3009
701 8157
701 7585
702 4615
703 6410
703 7512
704 4650
704 7926
705 4071
705 5553
706 2474
707 4407
707 6291
707 7324
708 7558
708 1077
708 6323
709 4042
709 3210
709 7085
709 2013
710 2613
710 1873
710 5966
710 2089
711 8311
712 4345
712 7761
713 9313
714 3430
714 5303
715 6061
715 2661
715 2503
716 7738
716 5620
717 6362
718 3654
719 3630
720 9241
721 9185
721 3474
722 2061
723 7328
723 2007
724 5808
724 8373
725 4669
725 5023
725 2540
725 9908
726 6867
727 3192
727 5722
727 1148
728 6893
728 9581
728 8117
729 2673
730 5185
731 3366
731 9072
731 7325
732 1493
733 6287
733 1057
734 2454
735 6172
735 1759
736 5307
736 3285
737 3260
737 9928
738 6322
738 1892
739 3545
739 2183
740 9115
740 3032
741 4232
741 3379
742 3937
743 3897
743 7408
744 2275
744 7945
745 9191
746 3496
746 2381
747 760
747 5072
748 9377
749 1370
749 6013
749 8688
750 9905
750 4491
751 3221
751 8086
751 8667
751 6311
753 2213
753 8657
754 2358
754 4972
755 6273
755 4217
756 9321
757 8245
757 7840
757 4995
758 9907
758 8288
759 3307
759 5470
760 4003
760 4297
760 8257
760 2965
761 7175
761 9008
762 6335
763 3082
764 5329
765 2018
765 6111
765 9972
765 7551
766 6243
767 8622
768 7224
769 2352
769 6562
770 8399
770 8964
771 8138
771 7681
771 3798
773 8246
773 3439
774 8696
775 4013
775 6044
776 9028
777 2232
778 3844
778 9727
779 8133
779 3458
779 1793
780 2134
780 6386
780 9659
781 3828
782 7343
783 5777
783 6534
783 4976
784 7797
784 1620
785 5931
785 9332
785 8937
786 8911
787 9420
787 5131
788 2522
788 985
788 4262
789 7728
790 6098
791 7183
791 8031
792 1478
792 3669
793 6213
793 6232
794 4454
795 1858
795 3696
796 3033
797 2447
798 3842
798 7970
799 4938
799 1424
800 5784
800 1384
800 6515
800 7035
801 6247
802 2689
803 2200
804 2572
804 2111
805 6302
806 2115
806 1369
807 1456
807 3488
807 6497
807 5939
808 8077
808 3543
808 2183
809 6939
809 3674
809 6031
809 8049
810 1216
811 1000
812 3267
812 6275
813 1973
813 3723
813 4486
813 7953
815 5585
815 6135
816 2412
816 1530
817 6147
817 1207
818 3828
818 4413
819 881
820 7876
820 9172
822 6672
822 5368
823 970
824 1140
824 8524
825 8338
825 7619
825 3905
826 1877
827 8851
828 9933
828 9418
829 5614
829 9224
830 6152
830 7221
831 4189
831 4246
831 6193
831 3277
832 2119
832 5549
833 1578
833 8443
834 2759
834 9034
834 4657
835 1640
836 9740
836 3599
837 6638
837 9452
838 8180
838 3556
839 6023
840 3346
840 3400
840 1078
841 8278
841 9611
842 9758
843 2020
843 6197
844 7396
845 1519
845 5276
847 957
847 8511
847 5560
848 8892
849 6063
849 4308
849 3114
850 8131
850 4646
851 3682
852 7560
852 6035
853 8835
853 8124
853 3460
854 2671
854 3928
855 6665
856 8995
857 3695
858 9261
859 2817
859 1465
860 6767
860 4353
861 4808
862 1519
863 4130
863 1883
864 7717
865 1815
865 6486
866 1266
867 8934
867 8363
868 9394
869 5512
869 3842
870 963
871 4573
872 2762
873 5953
873 6224
873 4459
873 5452
874 7175
875 1967
876 1838
877 8064
877 7337
877 6681
878 3351
878 9264
879 9778
879 9377
880 2913
882 6968
883 4702
884 4798
885 2773
885 2265
885 2257
886 5978
886 3467
887 2061
887 4115
888 3079
889 4189
890 2294
890 1011
890 8709
891 8756
891 8082
891 6733
892 1466
892 9577
893 899
893 7819
894 7501
894 4232
895 4005
895 8513
896 7264
897 4236
897 8785
898 2356
898 1875
899 5200
899 5875
900 3800
901 3311
902 8955
902 7966
903 8775
904 9037
904 7798
905 7732
905 9796
906 4379
906 6173
906 3316
907 2928
908 2010
908 8220
909 4534
909 1423
910 3505
911 4551
912 2660
912 4255
913 9702
915 4176
916 8635
917 5422
918 8477
919 8053
919 1069
920 1534
921 9582
922 9754
923 4326
923 7792
923 9704
924 1481
924 7904
925 9173
925 2216
926 5908
926 7608
926 4611
928 5931
929 5607
929 2913
930 6015
931 4093
931 4448
932 7372
932 2360
933 1918
934 9104
934 8366
935 1963
935 6553
936 1779
936 9913
936 2862
937 3706
939 4642
939 8859
939 3695
939 4201
940 1532
940 1280
941 2987
941 6177
941 3617
942 5580
943 8072
943 9043
944 6002
944 5608
945 4381
945 1496
946 6702
946 7714
947 5551
947 7606
948 5038
948 9779
948 7205
949 5840
949 9887
949 2756
950 5868
950 8421
951 8868
951 2511
951 4520
952 7137
953 1409
953 4467
954 2203
954 8883
954 7555
955 7556
955 9157
956 3459
956 2851
956 8381
958 9103
958 7849
959 5636
960 2283
962 5556
962 6494
963 1846
965 7288
965 5090
966 8570
966 3304
967 2295
967 5846
967 5288
968 3799
968 7319
969 3673
969 4984
969 7217
970 6077
971 5508
972 1115
973 7945
974 9404
974 6013
976 1600
976 4837
977 7596
978 4320
979 1433
980 9678
981 4476
982 3771
983 2168
984 2063
985 3411
986 5549
986 2697
987 6868
988 8941
989 7915
989 8969
989 7735
990 4675
990 2858
991 2979
992 3980
993 3594
993 2190
994 5479
994 5174
995 1534
995 7186
996 6735
996 8046
997 4375
997 7931
997 7432
998 6289
999 1521
999 8259
1000 3540
1000 1685
1001 1269
1002 8651
1002 9641
1002 7438
1003 2672
1003 4143
1004 1282
1004 8625
1004 2682
1005 9932
1005 6807
1006 9152
1006 8934
1007 9729
1008 5166
1008 2162
1009 4274
1009 9230
1009 5635
1010 7030
1011 4955
1012 9233
1013 8479
1014 7871
1015 4753
1015 8021
1016 7980
1016 7250
1017 5554
1017 4147
1017 7944
1018 3840
1018 2704
1019 6900
1019 7723
1019 3175
1019 3679
1020 9318
1020 9564
1021 6799
1021 7083
1021 5823
1021 9214
1022 4426
1023 4147
1024 3028
1024 6575
1025 9736
1025 1938
1026 5638
1026 4241
1026 4349
1027 7434
1028 2240
1029 8912
1029 1411
1030 6127
1030 6392
1031 4899
1032 1531
1032 5233
1033 3663
1033 8640
1033 2562
1033 6363
1034 3933
1034 7614
1034 1890
1035 8752
1035 2867
1035 5003
1035 7702
1036 2065
1036 4536
1037 4356
1038 7219
1038 2578
1039 3537
1039 7185
1039 7371
1040 9680
1040 9866
1040 1144
1041 3913
1041 9000
1043 3154
1044 5962
1044 6373
1044 5163
1045 7346
1046 1715
1047 2885
1048 9438
1049 4166
1049 2354
1050 1776
1052 9357
1052 2026
1053 8414
1054 2629
1055 1964
1056 2490
1058 9710
1059 6441
1060 1836
1060 3711
1060 4930
1060 2455
1061 6369
1062 5076
1062 1505
1063 8213
1063 6072
1064 7761
1065 3824
1066 7966
1067 8696
1068 8871
1069 8905
1070 3327
1070 1123
1070 7273
1071 2181
1071 3664
1072 8972
1072 5747
1073 7707
1074 9153
1074 3679
1075 3528
1076 6519
1076 5167
1077 9576
1078 5640
1078 3064
1078 6486
1078 2391
1079 8331
1079 6824
1080 6362
1081 2528
1082 5579
1082 3310
1083 7505
1085 8037
1086 5533
1087 3662
1087 6690
1088 8010
1088 6629
1088 1310
1089 6289
1089 7847
1090 5513
1090 8192
1090 6458
1091 6841
1092 4125
1093 1165
1093 8891
1093 5481
1094 5666
1094 5738
1095 5232
1096 5222
1096 8704
1096 5365
1097 2176
1098 6283
1098 3956
1098 1676
1099 4682
1100 6078
1101 5458
1101 5119
1103 9639
1104 5945
1105 3658
1106 5444
1106 5332
1108 2543
1108 7018
1108 7325
1109 2912
1109 6746
1109 9944
1109 9039
1110 2894
1111 5297
1111 6056
1112 4911
1112 5276
1113 3646
1113 4016
1114 1352
1115 9622
1115 2970
1115 9613
1116 6456
1116 8925
1116 9603
1116 9082
1117 6678
1118 1257
1118 3661
1118 2743
1119 8161
1119 7581
1119 7547
1120 3793
1121 3762
1121 7289
1121 2076
1122 1461
1123 2447
1124 3182
1125 4940
1125 4563
1125 2665
1126 6232
1127 7572
1127 5305
1128 8497
1128 4783
1129 6747
1130 2062
1131 2274
1131 7057
1132 2417
1133 7883
1133 7364
1134 3455
1134 7662
1135 9105
1135 1224
1136 8479
1136 9333
1136 9793
1136 6244
1137 8516
1138 5356
1138 8238
1139 3801
1139 1813
1141 4419
1141 9987
1142 1629
1142 4302
1142 1345
1143 8599
1144 3007
1145 5511
1145 7241
1146 4283
1146 9041
1147 7996
1148 2930
1148 3900
1148 8402
1148 8663
1148 3597
1149 5592
1149 6500
1149 2003
1150 5714
1150 3388
1151 5371
1151 8161
1152 9601
1152 7853
1153 1341
1153 9353
1153 1382
1153 5339
1154 8339
1154 8203
1154 4001
1155 5968
1156 1868
1156 4485
1156 8913
1157 3621
1157 9466
1158 5385
1159 9694
1160 6384
1161 2801
1161 5209
1162 4118
1162 9143
1162 6433
1163 4472
1164 7706
1166 4285
1167 2646
1167 9281
1167 5386
1168 3456
1168 4425
1169 3928
1169 4858
1169 8650
1170 2340
1170 5623
1170 1744
1171 2154
1172 1825
1172 1453
1172 7449
1172 8468
1172 7170
1174 1792
1175 7304
1175 7839
1176 3658
1176 7737
1177 9649
1178 6382
1178 8194
1179 9881
1180 8797
1180 4595
1181 3728
1181 3868
1181 6866
1182 5052
1183 8088
1183 1709
1183 5472
1184 1599
1184 7656
1184 9941
1185 2541
1186 8272
1187 6346
1187 2444
1188 5819
1188 5936
1189 5586
1189 7827
1189 7871
1190 8276
1191 2433
1191 4148
1191 3431
1191 7884
1192 4685
1192 4615
1193 8298
1194 1861
1195 1419
1196 1417
1197 7594
1197 8692
1197 7569
1198 3565
1198 6976
1198 9470
1199 2046
1200 6962
1200 8722
1201 3540
1202 5510
1202 5732
1203 7316
1203 5601
1204 5751
1205 5543
1206 3566
1206 6625
1206 3833
1207 8260
1207 5153
1208 6979
1208 6460
1209 9401
1209 9929
1210 2592
1211 7298
1211 6771
1212 4001
1213 7901
1214 5738
1214 6707
1215 2836
1215 3699
1215 4980
1215 6298
1216 9810
1216 9593
1217 2869
1218 2462
1218 5433
1219 3015
1220 6216
1220 4508
1221 1849
1221 4673
1221 2036
1222 9413
1222 9780
1223 5470
1223 1781
1225 6278
1225 8525
1226 3695
1227 3750
1227 4083
1227 9909
1227 5572
1228 2056
1229 2768
1229 3068
1229 5096
1229 3495
1230 3324
1230 6518
1231 6959
1231 2619
1232 4784
1232 8795
1233 6511
1233 1962
1234 5744
1234 9493
1234 2204
1235 7849
1236 8359
1236 2914
1236 7224
1237 5157
1237 4911
1238 7500
1239 7880
1239 9669
1239 9430
1240 5197
1240 7800
1241 1810
1242 2239
1243 7463
1244 3216
1245 5963
1245 3527
1246 9370
1247 6438
1247 7799
1248 8227
1248 8820
1249 6080
1250 8918
1250 5637
1251 2369
1252 2025
1252 2783
1252 2378
1253 3827
1253 7588
1254 3847
1254 6716
1254 4712
1255 5443
1256 4319
1258 3522
1258 3666
1259 4488
1260 2516
1262 3995
1262 5758
1263 9168
1263 9262
1264 5009
1264 5903
1265 7534
1265 7538
1265 4780
1266 5918
1266 2823
1267 1960
1267 8574
1268 1294
1268 4256
1270 7858
1271 4369
1271 8536
1271 3264
1272 7466
1273 5211
1274 4636
1274 7710
1275 2370
1275 4862
1276 1562
1276 2453
1277 1867
1278 2273
1278 6861
1279 9786
1279 6431
1280 5520
1280 2542
1281 2268
1281 3133
1281 6779
1283 9141
1283 9334
1283 2353
1285 1661
1286 7967
1286 7529
1286 8559
1287 6292
1288 3667
1288 2784
1289 5504
1290 1670
1291 4076
1291 3929
1291 8606
1292 5085
1292 3355
1292 5966
1293 2712
1293 7748
1293 7522
1294 9175
1295 3039
1295 4544
1295 2806
1296 1589
1296 2923
1297 6113
1298 3369
1298 6992
1298 2719
1299 2325
1300 2413
1301 6068
1302 5177
1302 9971
1302 3317
1303 6112
1303 7061
1304 5836
1304 5244
1305 7684
1306 6626
1308 8034
1308 9947
1309 9737
1309 7156
1310 5218
1311 2471
1312 1701
1313 6360
1313 4884
1314 7303
1315 1875
1315 7762
1315 8985
1315 4068
1316 6890
1316 7985
1316 1690
1317 1714
1318 2546
1318 4333
1318 7249
1319 3090
1319 4515
1320 7000
1320 2352
1321 6119
1322 7920
1323 5995
1323 4757
1323 4778
1325 6862
1325 7797
1326 9032
1327 3966
1327 6283
1328 4542
1328 4990
1329 1483
1330 9995
1330 9113
1331 5269
1332 7866
1333 1565
1333 8187
1333 3482
1334 5573
1334 7203
1334 8873
1335 4734
1335 6573
1336 6544
1336 9837
1336 4569
1337 2027
1337 4457
1337 9713
1337 7503
1338 4346
1339 3010
1339 3637
1339 2354
1340 4869
1340 6491
1342 7835
1343 2577
1343 6695
1343 2094
1344 5420
1344 4300
1345 7974
1345 9405
1346 9822
1346 6528
1347 6270
1347 7805
1348 6868
1349 1983
1350 6540
1351 3253
1352 8901
1353 2784
1354 4443
1354 9417
1354 4810
1355 7174
1356 5421
1357 4182
1358 8877
1359 5627
1359 3203
1360 5667
1361 4821
1362 9890
1362 9404
1363 8926
1364 7891
1364 2823
1365 4477
1366 2872
1366 2917
1367 7421
1368 9105
1369 3543
1371 5970
1372 8200
1373 9087
1373 6680
1374 7933
1374 7779
1374 9638
1374 5361
1374 5238
1375 4090
1376 3066
1376 5692
1377 2095
1377 6750
1378 3668
1378 1435
1380 7867
1380 3922
1381 8633
1382 4957
1382 9908
1383 8115
1384 8898
1384 9000
1385 9124
1386 3342
1386 2597
1387 5943
1387 9870
1388 8794
1389 7251
1389 9484
1390 5353
1390 1738
1391 4174
1392 6535
1392 4198
1392 9357
1393 2789
1395 9902
1395 7725
1396 5255
1398 3188
1398 3238
1399 9348
1400 1673
1400 8296
1400 4766
1400 2133
1401 4644
1401 4813
1401 7495
1402 5273
1402 6645
1403 4983
1404 3123
1405 4449
1405 6477
1406 7152
1406 9360
1407 2523
1408 4555
1410 5827
1410 9715
1410 7876
1411 3462
1411 2668
1411 5746
1412 4957
1413 2242
1413 7195
1414 4540
1414 9974
1415 4293
1415 5035
1416 6131
1417 9833
1417 7140
1418 3565
1419 5110
1419 7822
1420 2811
1421 9739
1424 9684
1425 5983
1425 7666
1426 9407
1427 7028
1427 9154
1427 3557
1428 5853
1429 9664
1429 9268
1430 3700
1430 1649
1430 8804
1431 9454
1432 3029
1433 1768
1433 8731
1433 8701
1434 6665
1435 1700
1435 7834
1435 8082
1436 1462
1436 5558
1436 5294
1436 9928
1437 9451
1437 1488
1438 3460
1438 4084
1439 5731
1440 3002
1441 1463
1441 5670
1442 7823
1443 2137
1443 1707
1443 4179
1444 3617
1445 7793
1446 6296
1447 7003
1447 8406
1447 7102
1448 7705
1448 2876
1448 4464
1449 6164
1449 7859
1450 9917
1450 1921
1451 8961
1452 4921
1452 2833
1453 3326
1454 4756
1454 5233
1454 8255
1455 6818
1455 9847
1456 3225
1457 8463
1457 5516
1458 2098
1458 7100
1459 3759
1459 9856
1460 5884
1461 2013
1463 8253
1463 5657
1464 7044
1465 3954
1467 4747
1467 5705
1467 2865
1468 3338
1469 8337
1469 2607
1470 4265
1470 4313
1470 3805
1471 8644
1471 7077
1472 9977
1473 5083
1473 4330
1474 7194
1475 8111
1475 7637
1476 7013
1476 4087
1477 4411
1478 4462
1479 8531
1479 6148
1480 3586
1482 8253
1483 5892
1483 7701
1484 1541
1484 7351
1484 2371
1485 8637
1486 6657
1486 7899
1487 2304
1487 6542
1488 7635
1489 3820
1490 4134
1491 3691
1491 9264
1492 2083
1492 7947
1492 4547
1493 2626
1494 5293
1494 6679
1494 9620
1495 4090
1495 5480
1496 4220
1496 9263
1497 2929
1497 6763
1497 1529
1498 5574
1498 9999
1499 8230
1500 3796
1500 2975
1500 6430
1501 8537
1502 2949
1502 5960
1502 3537
1503 4352
1504 5916
1505 7581
1506 4926
1507 6981
1508 1865
1508 5993
1509 6077
1510 5847
1510 8440
1510 4050
1511 1547
1512 8930
1513 9189
1513 7272
1514 4037
1514 6498
1514 8470
1515 6786
1516 2661
1517 6872
1517 7302
1517 3984
1518 4548
1519 5135
1520 8046
1520 2957
1522 1783
1523 5214
1524 8013
1524 2016
1525 8318
1526 6162
1526 8569
1526 7370
1527 6800
1527 7294
1527 5363
1528 8540
1528 8067
1529 1793
1530 6944
1531 4364
1533 1831
1535 7054
1536 8839
1536 9790
1536 6901
1537 2950
1537 9729
1538 5689
1538 3925
1538 6710
1539 3376
1540 8742
1542 5136
1542 7196
1543 6122
1543 4536
1543 9614
1543 5059
1544 9802
1544 3345
1545 7864
1545 6196
1545 9605
1546 3721
1546 5399
1547 2892
1548 4311
1549 5761
1551 4609
1551 7931
1552 5066
1553 8975
1553 8776
1554 5665
1555 6362
1556 5925
1556 3419
1557 4487
1557 7827
1558 6610
1559 6348
1559 8207
1559 6001
1560 9719
1561 3388
1561 5949
1563 4044
1563 8684
1563 5992
1563 5086
1564 1881
1565 9681
1566 4635
1567 8119
1568 5532
1568 8766
1569 8368
1569 6150
1570 7321
1571 4211
1572 5081
1573 5252
1573 7382
1573 8948
1574 3939
1575 2156
1577 3205
1577 3766
1577 7939
1579 8527
1579 9021
1580 8879
1581 4442
1581 3507
1582 3378
1583 6804
1583 8081
1583 5055
1584 5265
1584 7210
1584 7649
1584 7964
1584 8429
1585 4686
1586 4321
1586 8943
1587 6236
1588 2512
1589 4799
1590 3598
1591 8409
1591 9185
1592 2289
1592 5335
1593 3979
1593 9368
1593 4593
1594 5570
1594 5496
1595 7371
1595 2505
1596 4827
1597 7699
1597 8553
1599 5806
1600 2363
1601 8940
1601 3170
1602 1758
1603 4317
1604 3509
1604 3407
1605 7047
1605 6266
1606 2216
1607 8195
1607 8963
1607 8976
1607 5686
1607 5297
1608 4223
1608 9772
1608 7384
1609 3193
1609 7362
1609 6972
1610 9152
1611 1944
1612 8816
1612 8869
1612 3954
1612 6524
1614 6531
1615 9479
1615 2339
1616 4214
1617 8478
1617 4430
1618 8008
1619 1639
1619 2034
1619 3698
1619 5085
1620 3814
1620 4348
1621 7441
1621 3668
1622 2434
1622 3078
1623 7658
1623 7007
1624 8943
1624 8642
1625 4180
1625 9842
1626 6391
1626 8129
1626 5781
1627 6496
1627 7718
1628 3483
1630 4516
1631 2875
1632 5844
1632 9491
1632 3564
1633 2210
1634 5916
1634 4913
1634 5328
1634 7373
1635 5182
1635 9241
1636 2519
1637 5514
1637 4481
1638 2998
1638 5201
1638 7623
1638 9563
1638 6220
1640 9970
1642 3564
1643 4066
1643 9818
1643 5348
1644 4426
1644 9927
1645 9747
1646 2432
1646 8219
1646 9938
1647 5362
1648 6879
1649 5149
1649 9363
1649 3147
1650 7789
1651 4330
1652 9389
1653 1949
1653 1762
1653 1729
1654 7992
1655 9617
1655 7911
1656 9307
1656 5440
1657 7394
1658 5290
1659 8427
1659 9331
1660 7979
1660 9389
1660 9734
1660 2319
1661 4143
1662 3374
1662 9567
1663 8166
1663 8596
1664 5984
1664 6008
1665 3807
1665 7063
1665 4816
1666 7439
1667 3160
1668 2905
1669 8715
1670 7798
1671 1851
1672 4494
1672 1974
1673 7903
1674 9330
1674 4749
1674 2862
1674 2800
1674 4735
1675 3025
1675 8179
1675 4836
1676 4864
1676 4277
1677 3621
1678 2281
1679 6408
1680 3651
1681 9625
1682 5760
1683 3482
1683 2067
1684 1939
1684 5124
1684 8293
1685 5869
1686 7667
1686 6797
1686 5361
1687 8505
1687 7969
1688 7629
1689 9239
1690 4834
1690 8115
1691 4500
1692 5288
1692 6430
1693 4386
1693 4575
1694 7962
1695 9704
1696 9766
1697 7895
1697 7675
1698 3156
1699 5455
1699 5737
1699 7681
1700 7953
1701 9330
1702 3037
1702 8719
1702 5495
1703 7784
1703 8490
1703 9423
1703 8732
1704 1799
1704 6839
1704 1923
1705 6775
1705 9816
1706 3405
1706 7368
1706 9571
1707 5118
1707 9758
1708 3699
1709 2441
1709 9534
1711 7971
1711 2857
1712 6666
1713 5563
1713 7756
1714 2632
1714 7453
1715 1911
1715 4384
1715 8536
1716 2840
1717 7702
1717 6908
1718 6587
1718 4468
1719 3454
1719 4191
1719 6916
1719 8828
1719 9242
1720 3998
1721 6420
1721 7908
1722 2075
1722 9378
1722 2002
1723 6497
1724 4395
1724 6744
1724 3093
1725 9453
1726 5221
1726 2314
1727 1957
1728 5184
1728 7065
1729 3241
1729 4693
1731 7956
1731 9695
1732 7467
1732 7874
1733 5643
1733 3181
1733 2939
1734 7459
1734 8552
1734 4966
1735 5962
1736 3563
1736 9750
1737 4086
1737 5983
1738 8397
1738 7837
1739 4819
1739 5767
1739 4828
1740 9427
1740 9823
1740 9241
1741 8069
1741 7237
1742 2535
1742 8058
1742 9418
1743 5223
1743 8000
1744 7247
1744 6874
1745 8665
1746 2410
1746 5639
1746 8724
1747 8175
1748 5629
1748 6119
1748 3840
1749 7457
1749 2323
1750 5186
1750 8140
1751 4146
1752 5665
1752 7148
1753 2420
1753 8382
1754 7144
1755 6219
1755 8076
1756 3705
1757 5682
1757 3218
1757 7531
1758 6171
1759 4496
1759 2758
1759 6027
1760 8619
1761 4969
1762 7715
1763 5908
1764 5172
1765 8593
1766 6966
1766 3175
1767 4603
1767 4256
1768 7958
1769 6069
1769 9082
1769 3627
1770 6358
1770 5251
1771 9627
1772 6102
1773 4175
1773 4947
1774 7065
1774 8523
1775 4437
1775 5431
1776 9562
1777 1835
1777 9949
1778 9729
1778 6167
1780 6737
1781 2009
1781 1900
1782 9650
1783 4200
1784 2945
1785 4995
1786 4748
1787 9656
1788 1856
1788 6690
1788 9605
1789 7736
1790 2323
1790 9314
1791 3941
1792 9714
1793 3489
1793 6820
1794 7395
1794 3352
1795 7119
1796 8799
1796 8163
1797 2708
1797 2596
1797 5861
1798 2699
1800 7551
1801 8691
1801 1872
1802 9438
1803 2974
1803 8804
1803 8391
1804 5142
1804 6648
1804 6268
1804 7297
1805 1970
1805 5438
1805 4049
1806 5432
1806 5871
1806 4394
1806 8475
1807 2628
1808 5773
1808 3360
1808 8494
1809 8198
1809 4889
1810 6003
1811 9433
1812 5481
1812 3395
1813 9888
1813 6690
1814 6459
1814 9903
1814 7638
1815 7052
1816 3706
1816 8680
1817 1967
1817 9808
1818 7022
1819 2733
1819 3145
1820 6784
1821 7678
1822 8978
1822 2425
1823 9882
1823 7826
1824 5368
1826 2925
1826 5486
1826 3705
1827 7186
1827 7617
1828 5267
1828 9024
1828 9707
1829 5697
1829 8036
1829 9729
1830 7432
1831 7091
1832 5245
1833 7952
1837 2005
1837 3271
1838 4360
1838 5546
1838 8974
1839 4126
1839 9984
1839 6002
1840 7881
1841 3684
1841 5063
1841 3887
1841 6110
1842 8775
1842 3521
1842 5445
1843 7111
1844 5316
1844 2524
1845 4993
1845 2528
1845 4215
1847 6144
1848 8439
1849 4977
1850 8637
1851 3414
1851 2728
1851 8362
1852 5755
1853 5938
1854 2631
1855 3154
1855 2427
1856 4670
1857 2721
1857 8986
1858 3792
1859 2943
1860 5457
1860 6116
1860 6560
1861 7864
1862 2868
1862 5163
1863 4782
1863 4918
1864 3718
1864 2801
1865 4740
1865 9711
1866 8707
1867 3110
1867 3145
1869 4991
1869 8631
1870 3883
1870 6800
1871 3072
1871 6572
1872 8382
1872 4985
1873 2615
1874 6653
1876 9611
1877 9823
1878 9228
1878 2983
1879 5013
1879 5333
1880 1882
1881 9178
1881 1925
1881 8124
1883 4094
1884 5681
1885 4383
1885 3906
1886 3815
1887 8789
1888 6007
1888 3610
1889 5183
1889 9980
1890 2519
1890 9263
1891 4127
1892 7204
1892 2348
1893 9968
1894 5318
1894 4481
1894 5525
1894 9873
1894 8645
1895 8551
1896 4328
1897 6327
1898 5914
1899 3593
1899 3528
1900 5050
1900 4242
1902 6946
1902 9087
1903 2423
1903 9769
1904 5636
1905 6850
1906 4913
1907 2867
1908 6042
1908 7310
1909 2822
1909 8524
1910 7037
1910 4955
1911 2187
1912 8092
1913 5991
1913 6176
1913 7764
1914 5778
1916 2084
1916 8923
1917 5707
1917 7993
1918 2567
1918 9600
1920 7391
1920 9519
1920 2581
1921 5366
1921 7021
1922 4681
1922 5190
1923 6417
1923 6314
1924 9301
1924 7253
1925 2466
1925 2745
1925 7104
1925 3666
1926 3438
1926 3294
1927 8885
1928 3352
1929 3231
1929 2330
1929 4419
1930 2197
1931 5831
1931 4235
1932 5763
1932 2460
1932 9905
1933 7939
1933 4963
1933 4811
1936 5039
1936 9019
1936 3155
1937 5539
1937 4660
1937 3504
1940 3089
1940 6295
1941 5161
1941 8535
1941 8781
1942 9209
1943 6806
1944 7236
1944 2460
1945 3466
1946 7921
1947 2029
1947 4617
1947 2592
1947 5557
1948 5351
1949 6919
1950 6972
1950 7948
1951 7708
1952 3325
1952 6011
1952 3406
1953 3315
1954 6512
1954 5336
1955 5985
1955 6046
1956 3370
1957 6955
1957 8685
1958 5825
1958 7011
1959 2735
1959 3015
1959 9108
1959 9041
1960 9875
1961 6131
1962 3773
1962 9262
1962 9624
1963 3432
1964 2358
1965 2254
1965 9476
1966 6350
1966 6613
1966 9064
1966 5949
1966 9076
1967 4011
1967 9399
1968 2898
1968 4461
1968 2122
1968 4553
1968 4581
1969 6452
1969 2849
1971 3467
1972 7006
1972 5769
1974 8086
1975 3650
1976 4414
1977 3643
1977 2483
1977 6750
1977 8126
1978 6842
1979 8018
1979 7991
1980 3611
1981 9569
1981 3227
1982 4260
1982 3408
1983 5846
1984 7784
1985 4069
1985 9694
1986 6055
1987 2459
1988 7897
1988 9008
1988 3932
1989 6068
1990 7214
1990 9065
1990 2837
1991 8676
1991 9731
1992 9481
1992 5615
1993 2849
1993 7971
1994 3012
1994 8457
1994 5802
1995 8635
1995 4564
1996 4577
1997 5762
1997 7010
1997 8026
1998 3119
1999 5088
1999 7668
2000 5309
2000 9363
2001 9200
2002 8886
2003 5388
2003 3173
2003 5875
2004 2757
2004 2824
2005 6493
2005 9564
2006 8593
2006 3951
2006 2694
2007 6146
2007 3779
2008 5327
2008 4846
2008 6865
2009 2962
2011 3266
2012 7589
2012 3836
2013 8439
2014 3289
2015 6572
2016 6699
2017 8659
2019 6961
2020 3498
2020 8897
2020 4658
2021 5946
2021 6501
2022 7822
2022 3764
2022 5990
2024 7303
2024 3149
2026 3465
2028 4614
2028 7771
2028 4253
2030 9942
2031 3162
2032 3427
2032 7751
2033 8283
2035 8492
2036 6064
2037 9320
2038 2217
2038 6597
2038 6558
2038 7322
2039 3022
2039 8896
2039 7090
2039 9090
2040 6925
2040 7719
2041 2468
2041 7899
2042 9325
2043 6396
2043 6764
2044 7896
2045 5409
2046 4208
2046 6534
2047 6142
2047 7885
2047 9004
2048 7148
2048 2165
2049 4948
2049 9216
2049 6542
2049 9999
2050 3048
2051 7223
2052 3449
2054 5117
2054 9813
2055 5344
2056 3630
2056 9435
2056 2060
2057 3506
2058 8886
2059 9294
2060 6944
2060 2794
2060 3491
2061 4258
2062 4855
2063 2617
2063 2760
2063 8906
2064 2460
2065 5761
2066 2684
2067 2343
2067 3950
2067 9839
2068 8435
2068 6084
2069 7364
2069 3760
2070 9053
2070 8899
2071 9833
2074 4119
2074 4809
2076 4697
2076 2600
2076 7520
2077 6635
2078 3174
2078 9647
2079 8387
2080 8546
2080 7356
2081 3522
2082 3402
2083 8201
2084 4554
2084 8487
2084 4778
2085 6766
2086 7539
2086 2435
2087 9126
2088 9737
2089 8320
2090 8897
2091 8514
2091 7657
2092 9806
2093 4630
2093 9867
2094 6940
2095 8107
2096 8162
2097 2155
2097 4942
2099 9737
2100 8838
2101 2797
2102 2261
2103 9938
2104 2636
2104 4668
2105 3266
2106 8939
2106 7672
2107 4633
2108 2710
2109 6902
2110 4926
2111 2359
2111 7102
2112 6366
2112 5855
2112 4966
2113 8748
2113 9654
2113 4081
2113 2416
2114 6763
2115 6867
2115 2939
2116 6564
2118 3522
2119 7502
2119 8303
2120 6808
2121 7803
2121 7693
2122 4315
2123 6473
2123 4097
2123 3016
2124 3216
2125 7105
2126 5619
2126 9196
2126 7706
2126 2357
2127 4876
2128 3814
2129 2237
2129 4408
2130 7064
2131 3399
2131 4699
2131 4535
2132 5949
2133 9415
2133 6256
2133 8483
2135 5159
2136 5941
2137 4703
2137 6242
2137 6884
2138 3848
2138 9676
2139 5857
2140 4881
2140 5258
2141 8702
2142 6654
2143 9543
2143 5214
2143 2501
2144 7067
2145 5868
2146 8674
2147 3033
2147 6097
2147 6553
2148 2832
2148 4752
2148 8613
2148 2461
2149 6694
2150 4686
2151 2515
2152 9912
2153 5746
2153 4892
2154 9764
2155 7717
2155 7814
2156 4641
2157 4221
2158 3016
2158 4039
2159 6340
2159 4128
2160 3238
2161 7731
2161 5921
2162 5377
2162 8411
2163 4387
2163 6652
2163 2513
2164 9991
2165 2718
2166 3303
2167 7645
2168 6749
2168 8587
2169 8213
2170 4895
2170 6661
2170 2440
2171 2840
2172 8005
2172 4696
2173 9050
2175 2453
2176 3503
2176 9307
2177 9794
2177 2794
2178 5698
2178 7739
2178 5939
2179 6508
2179 5816
2180 6184
2180 7224
2180 8960
2180 2528
2182 8759
2183 6239
2183 8794
2184 4181
2185 7409
2185 8858
2185 4711
2186 5120
2186 2839
2186 4629
2187 8127
2187 5837
2188 7612
2189 8800
2189 2574
2190 4102
2190 6554
2190 4418
2190 6559
2191 6529
2191 7484
2191 7010
2192 9899
2193 8229
2193 6367
2194 7166
2194 9436
2196 4528
2196 3466
2197 8468
2198 4779
2198 5980
2199 3458
2200 8932
2201 4998
2202 3803
2204 4656
2205 9384
2205 8005
2206 8482
2206 9245
2207 9207
2208 8277
2208 8457
2210 7422
2210 5095
2211 5000
2211 9658
2211 9082
2212 8025
2213 5518
2214 6368
2215 4959
2216 2881
2216 6703
2218 5735
2219 5311
2220 5598
2220 3830
2220 4612
2221 5597
2221 4505
2222 3313
2222 7536
2222 8741
2223 2248
2224 4752
2225 4338
2225 8668
2226 8838
2227 6517
2227 4398
2228 4463
2228 5453
2229 8146
2229 6533
2229 7691
2229 3090
2230 4056
2230 3410
2232 4272
2232 5327
2233 5681
2233 2940
2234 9936
2234 3125
2235 4426
2236 3746
2236 8477
2236 4051
2238 5258
2239 3707
2239 2307
2240 6989
2240 9436
2240 7755
2240 5386
2240 8874
2241 4975
2241 6107
2243 8674
2244 9799
2245 9323
2245 3318
2246 5742
2247 4362
2247 2319
2248 5350
2248 9277
2248 6790
2249 4182
2249 6997
2249 4976
2249 9892
2250 5487
2250 6571
2251 5816
2251 2498
2252 6873
2252 2794
2253 8650
2253 9794
2255 2827
2255 9007
2256 9369
2256 4749
2257 9926
2257 2718
2258 9956
2259 9160
2259 2810
2260 3914
2260 5724
2260 7086
2261 8357
2261 7315
2261 9988
2263 3971
2264 5023
2265 8188
2265 8710
2266 3418
2267 6577
2267 6228
2268 5708
2269 3056
2269 9783
2269 9649
2270 5725
2270 5465
2271 3429
2272 9599
2272 7373
2273 9561
2275 6018
2277 5183
2278 3301
2279 6905
2279 5557
2280 4997
2280 4249
2281 5834
2281 3738
2282 4692
2283 7575
2283 9769
2283 5342
2284 5674
2284 6606
2284 5233
2285 9447
2286 8354
2286 3159
2287 6806
2287 3503
2288 6687
2289 6182
2290 6269
2291 8958
2292 9231
2293 5774
2296 9005
2296 7558
2297 3052
2298 8670
2298 9258
2299 9178
2300 8433
2300 8699
2300 8371
2301 7109
2301 7904
2301 3855
2301 6124
2301 7559
2302 9922
2303 3168
2303 8078
2304 3335
2304 4892
2305 3850
2306 2618
2306 8360
2307 3826
2308 8582
2309 4068
2310 6932
2310 5065
2311 4780
2312 4410
2312 3951
2313 2760
2314 5876
2314 6076
2315 4198
2316 2893
2317 9938
2318 5856
2319 3053
2319 5769
2320 7981
2320 4761
2321 5791
2322 7818
2322 5897
2324 4679
2325 2714
2325 6713
2326 2700
2326 3151
2327 9242
2328 9685
2328 9817
2328 5107
2329 3679
2330 9892
2331 2622
2332 3253
2332 4971
2332 8609
2333 9425
2334 2464
2334 4121
2335 4448
2335 8016
2336 4427
2336 6020
2336 6711
2337 6266
2337 8384
2338 3992
2339 7349
2339 7671
2339 9157
2341 7112
2341 9442
2341 4535
2342 5148
2342 2398
2344 9414
2345 6977
2345 2614
2346 5974
2347 9128
2348 6830
2348 5566
2349 4515
2349 5406
2350 7415
2351 6706
2351 8252
2351 7662
2353 4452
2353 5467
2353 7486
2354 6775
2355 4545
2355 3632
2357 7181
2357 8262
2358 7785
2359 9271
2360 4790
2360 9702
2360 3078
2361 9082
2362 9139
2362 8871
2363 5604
2364 2920
2364 9633
2364 9757
2366 3150
2367 7229
2368 5981
2369 5865
2370 8819
2371 4808
2372 3736
2372 4416
2372 4231
2373 2653
2373 6803
2374 6111
2375 7312
2376 6642
2377 8105
2377 9232
2377 5716
2378 8119
2379 4540
2380 2493
2380 7251
2381 3902
2382 7740
2382 9349
2383 3589
2383 5542
2384 3609
2384 6381
2384 8980
2385 8488
2386 5753
2386 4345
2387 3908
2388 7604
2388 5860
2388 3682
2388 7071
2389 8429
2389 9078
2390 8045
2390 7612
2390 2690
2392 6819
2393 9689
2394 9517
2395 5155
2395 9200
2395 9285
2395 6718
2396 6932
2397 5358
2398 9572
2399 3425
2399 8911
2400 5415
2400 8808
2401 7313
2402 8949
2403 6241
2404 9181
2405 8836
2406 7832
2406 8238
2406 9815
2407 9778
2408 4044
2409 3982
2410 5915
2411 3485
2411 5234
2411 6085
2411 5004
2413 8331
2414 8555
2414 7311
2415 4312
2415 7989
2415 9364
2415 7183
2416 4156
2416 5529
2416 9256
2417 6410
2418 2663
2418 7115
2419 8349
2419 2988
2419 7728
2421 7360
2422 5441
2423 2701
2423 4769
2424 6950
2424 5361
2425 8992
2425 4251
2426 2841
2426 3669
2426 4872
2427 8361
2427 9816
2427 2444
2428 9492
2429 7777
2429 4706
2430 2835
2431 3890
2431 8595
2431 9460
2435 9080
2436 3365
2437 7154
2437 2472
2438 8140
2439 3725
2439 4763
2439 6115
2440 3280
2440 5790
2441 3139
2441 6442
2442 3980
2443 8864
2444 7791
2444 6673
2444 3355
2446 6541
2446 6383
2447 9265
2448 7223
2449 6774
2449 9329
2450 7521
2450 5537
2451 8722
2451 3614
2452 3056
2453 3423
2453 7460
2455 6330
2456 7730
2456 9234
2456 6662
2457 6433
2459 4633
2460 5374
2460 4228
2460 4033
2462 7805
2463 9430
2463 3053
2464 6204
2464 6364
2464 6714
2464 8286
2464 3191
2465 7248
2467 9054
2468 6586
2468 9331
2469 8933
2469 5593
2470 4897
2470 2539
2471 3291
2472 3180
2473 8464
2473 7365
2474 7876
2475 8808
2475 5655
2476 2614
2478 7088
2479 6038
2479 2481
2480 9912
2480 6206
2480 3854
2481 6676
2481 7052
2482 7205
2482 9588
2483 5343
2485 3576
2485 3655
2486 7948
2486 5559
2487 6788
2487 9843
2488 8057
2488 9050
2488 6660
2489 5773
2490 2821
2490 3072
2491 4017
2492 6150
2492 9684
2494 8564
2495 6201
2496 6786
2497 3813
2497 7295
2498 5345
2498 6059
2498 9768
2498 3856
2499 9155
2500 2931
2500 9029
2500 4781
2501 8115
2502 5112
2502 8224
2502 4789
2504 3881
2505 4472
2505 9036
2506 5369
2507 4848
2507 5323
2508 4137
2508 4931
2509 3184
2509 3338
2509 2937
2509 4299
2510 5633
2510 6576
2510 4733
2511 2776
2511 9899
2512 5810
2512 3879
2513 3348
2514 4754
2514 6410
2515 7293
2515 5239
2516 3448
2516 4781
2517 3550
2518 4166
2520 6556
2521 7605
2523 3542
2524 7009
2525 4374
2525 9764
2526 4847
2527 9472
2527 7016
2528 7438
2529 9279
2530 9274
2531 3600
2531 4597
2532 4464
2533 8822
2534 5290
2534 9531
2534 6942
2534 7481
2536 9296
2537 6518
2537 9294
2538 4209
2539 8059
2539 9148
2540 9980
2541 3708
2542 2806
2542 6331
2543 6424
2544 8860
2544 3754
2545 5385
2546 4002
2547 7163
2547 9938
2548 9780
2549 5993
2550 4997
2551 2871
2551 9040
2551 5478
2551 8676
2552 4498
2553 4704
2553 3064
2554 6573
2555 7080
2556 9279
2556 7122
2557 3912
2557 7754
2557 7386
2558 5166
2559 7343
2560 5706
2561 4078
2561 3374
2562 4347
2562 5497
2563 3277
2564 4282
2564 5449
2565 5298
2566 8119
2566 2807
2568 7689
2568 8840
2569 2816
2569 8755
2569 3677
2570 6797
2571 7788
2572 8417
2573 9927
2573 4607
2574 5445
2575 2601
2576 4412
2578 7194
2578 5379
2579 3860
2579 2602
2579 3147
2580 9946
2580 8324
2581 8177
2582 9986
2582 5567
2583 3818
2584 3583
2584 7078
2585 2652
2585 5715
2585 4115
2585 7322
2586 6314
2586 8151
2586 3310
2587 5716
2587 7239
2588 5726
2589 3062
2589 6812
2589 6722
2590 8376
2591 8935
2591 9523
2592 8545
2594 5975
2594 6048
2595 4238
2595 5492
2596 3924
2596 6887
2597 5637
2597 5184
2598 7221
2598 3339
2599 3047
2599 5477
2599 7050
2600 7768
2602 6392
2603 8965
2603 5406
2603 8282
2604 5591
2605 6637
2605 4084
2605 8456
2607 4195
2607 3610
2608 5904
2608 7209
2609 3892
2609 9327
2610 8118
2610 6129
2611 8777
2611 8781
2611 5107
2612 7048
2612 4390
2615 3442
2616 7004
2618 5594
2618 2926
2619 6660
2619 5282
2620 7238
2620 3405
2621 3160
2623 5662
2623 3722
2624 4506
2625 5994
2625 6957
2626 5068
2627 9688
2628 8793
2628 5672
2629 2800
2630 3456
2631 3643
2633 8711
2634 5648
2634 2834
2634 4673
2635 8153
2635 4973
2636 7744
2637 4067
2637 8983
2638 9626
2639 3543
2640 7213
2640 6075
2640 7545
2640 7917
2641 9504
2641 4939
2642 3281
2642 4589
2642 8156
2644 5308
2645 6526
2648 5947
2649 9020
2650 8967
2650 3267
2651 5673
2651 6029
2653 3939
2654 7358
2655 9755
2655 3682
2656 8242
2656 9541
2657 6899
2657 3935
2657 8913
2658 7068
2658 8147
2659 3092
2659 4112
2660 9459
2661 8932
2662 5146
2662 7917
2662 3019
2664 5769
2664 4530
2665 8480
2665 5429
2666 4678
2666 9056
2666 3825
2667 4551
2668 9361
2669 5548
2669 8370
2669 3045
2670 7488
2670 3032
2672 4809
2673 9242
2674 9206
2674 6315
2674 7048
2675 9321
2676 6288
2677 4919
2678 9785
2679 6949
2679 7804
2679 6821
2679 4698
2679 8801
2679 5604
2680 7687
2681 3821
2681 8190
2682 7870
2682 9620
2682 8241
2683 8244
2683 7672
2684 9187
2685 9542
2685 8183
2686 9838
2686 9263
2686 8187
2687 9934
2688 9672
2689 4619
2689 9462
2689 6021
2690 8717
2690 4960
2690 6056
2690 5567
2690 6726
2691 7419
2691 8974
2692 3222
2692 5362
2693 9920
2694 2820
2696 4912
2697 6165
2698 4793
2699 6823
2700 2870
2702 3364
2702 9329
2702 3522
2703 4403
2703 9707
2704 9283
2704 8919
2706 3487
2707 4872
2709 9335
2709 7218
2711 5999
2711 8788
2712 5291
2713 6667
2713 7615
2713 8965
2714 7824
2715 6108
2716 9346
2716 8983
2717 8998
2718 7688
2718 9709
2718 6099
2719 6102
2720 5839
2722 3291
2723 4917
2723 4867
2724 6903
2724 3228
2724 8821
2724 6926
2725 5675
2726 3328
2726 7935
2727 6668
2728 2932
2728 3697
2728 4550
2729 5147
2729 3683
2730 5282
2731 4259
2731 2903
2732 3743
2732 7516
2734 4129
2736 7509
2737 9513
2738 6528
2738 9885
2739 8007
2740 8619
2740 7675
2741 7038
2742 8258
2742 6399
2743 4172
2743 3655
2744 6970
2744 8400
2744 6551
2746 9074
2746 5174
2747 5410
2748 5942
2749 3960
2751 6806
2752 3712
2752 7835
2752 4210
2753 4282
2754 9694
2754 9841
2754 7251
2755 6691
2755 9450
2756 9667
2756 7489
2758 8742
2759 6324
2760 4194
2761 5138
2761 3744
2762 5727
2762 6354
2762 4668
2764 6154
2764 9048
2766 4007
2766 3373
2769 7208
2770 4393
2770 3905
2771 4521
2771 9565
2772 9678
2772 6427
2774 4531
2774 8627
2775 8459
2775 9038
2777 8840
2777 8018
2778 4490
2779 4534
2780 3560
2780 9321
2781 4601
2781 5851
2782 4873
2782 5796
2782 6453
2783 8205
2783 7700
2784 6346
2785 4068
2785 3352
2786 4873
2787 5957
2787 8518
2787 3603
2788 8720
2788 8933
2789 4057
2790 3291
2790 9848
2791 8736
2791 8061
2792 8167
2792 6947
2793 3615
2794 4046
2794 4128
2794 9117
2794 8271
2795 3818
2795 9710
2796 4483
2796 4880
2796 5952
2797 8878
2798 8415
2798 3798
2798 9074
2799 4125
2799 8590
2799 7295
2800 8661
2802 4711
2802 8481
2803 3404
2803 5678
2803 5378
2804 4082
2805 7850
2805 8478
2807 9275
2808 5411
2809 8679
2810 6879
2810 5725
2811 9424
2812 7825
2812 3147
2813 4472
2814 3782
2814 6389
2815 4351
2815 9051
2815 4743
2818 8792
2818 7529
2819 7643
2820 5596
2821 4325
2823 3780
2823 3598
2823 9190
2824 6483
2825 8810
2826 7969
2827 8668
2828 6291
2829 8255
2829 5210
2830 3638
2830 3380
2831 5446
2834 6644
2834 9073
2835 8570
2837 7887
2837 7005
2838 3549
2838 5623
2839 5141
2840 8472
2842 5880
2842 7209
2842 7642
2843 4506
2844 4005
2845 8574
2845 9869
2847 3598
2848 5211
2849 9983
2851 7729
2852 6242
2853 5713
2854 8298
2854 3480
2855 5500
2856 2894
2857 8071
2857 9043
2858 5450
2858 4557
2859 7492
2860 7430
2861 7854
2861 9057
2861 7090
2862 7718
2862 9712
2863 6514
2863 4739
2863 7439
2863 5203
2863 8324
2863 6941
2864 3473
2865 4196
2866 6470
2866 5779
2867 9328
2869 9174
2869 7098
2869 4968
2873 7593
2874 7878
2875 3096
2875 5412
2876 8448
2877 8578
2877 4817
2878 9540
2879 8560
2879 9856
2880 4027
2881 5065
2882 6969
2883 2947
2883 5688
2883 9397
2884 6744
2885 8205
2886 9595
2886 3329
2888 7426
2889 5882
2889 5896
2890 9960
2890 7016
2891 8813
2891 9891
2892 5961
2892 6341
2892 5629
2893 3473
2893 8889
2893 7276
2893 4784
2894 9130
2895 5278
2895 6882
2895 5032
2896 6707
2896 5280
2899 5476
2901 8991
2902 5138
2903 8576
2904 8626
2904 8061
2905 9021
2906 7730
2907 7674
2908 9975
2908 4058
2909 9006
2909 3961
2910 4069
2911 4480
2911 6909
2913 8095
2913 9397
2914 6320
2914 8881
2915 6863
2916 6517
2918 7681
2919 4318
2919 6187
2921 6814
2921 7474
2922 7312
2922 7328
2923 8732
2924 8152
2924 9150
2925 3055
2926 7563
2933 3534
2934 4820
2934 4217
2935 7696
2935 5650
2936 3304
2937 6623
2938 4367
2938 7736
2939 9660
2940 8285
2940 9980
2941 8570
2942 4741
2942 4441
2943 3189
2944 8084
2945 4089
2946 7909
2946 9194
2946 6437
2947 3704
2948 5049
2948 5221
2951 7211
2951 3539
2952 4868
2952 6495
2953 9951
2953 4597
2954 3556
2954 6334
2955 3980
2955 6476
2955 5754
2956 6549
2956 7143
2956 4165
2957 9885
2957 6316
2958 7355
2958 3837
2959 8374
2960 9360
2961 5873
2963 8143
2963 5069
2964 7705
2965 8322
2967 5443
2968 8001
2968 7388
2969 3842
2970 6323
2970 9640
2971 3034
2972 3877
2973 7495
2973 3101
2975 3153
2976 9158
2977 7821
2978 4204
2979 3201
2979 9879
2980 7313
2980 7204
2981 3752
2982 6378
2982 5754
2982 6532
2983 4346
2984 5387
2984 7764
2984 7355
2985 9759
2986 7266
2986 6779
2987 4652
2988 6740
2988 9850
2989 9868
2990 6194
2990 9929
2990 8389
2991 5397
2991 5816
2992 4916
2992 5331
2992 8292
2993 3524
2993 6243
2994 8372
2994 8738
2994 3622
2994 8052
2995 5345
2996 5260
2996 4371
2997 4354
2999 3503
3000 6598
3000 9961
3001 7073
3002 9067
3003 4400
3003 5881
3005 3123
3005 6571
3005 8140
3006 5523
3007 5922
3008 8817
3008 7558
3009 8992
3011 8561
3013 3384
3013 6458
3013 6690
3014 7230
3014 5601
3014 9295
3014 8857
3014 6705
3017 9094
3017 5894
3018 5756
3019 7712
3020 7182
3021 8379
3021 7236
3023 6284
3023 4214
3024 5879
3024 8791
3024 6971
3024 9432
3026 7079
3026 7370
3026 7687
3027 6191
3029 7100
3029 4052
3030 5944
3030 6286
3030 7650
3030 8734
3031 8782
3032 4973
3034 6257
3034 7486
3035 4791
3036 4043
3036 9432
3036 8183
3037 5526
3037 8678
3038 6290
3038 7044
3039 4287
3039 5590
3040 8420
3040 7648
3041 3397
3041 7773
3041 7786
3042 7377
3042 7959
3043 7387
3044 6129
3044 9860
3044 8260
3045 4606
3046 9300
3046 5090
3049 3453
3049 8027
3050 8852
3050 5238
3051 6710
3052 3822
3053 5718
3057 4724
3057 5098
3058 4988
3059 7147
3060 9539
3061 9009
3062 8194
3063 6656
3065 7676
3065 3474
3065 4295
3065 7568
3067 5861
3069 4589
3070 3417
3070 3159
3071 6243
3071 6153
3073 5092
3073 4373
3073 7511
3074 8948
3075 4277
3075 5365
3076 3947
3077 4509
3078 8639
3078 6925
3079 3647
3080 6972
3081 6089
3082 3547
3083 9040
3084 4206
3084 4115
3085 5302
3086 6057
3086 3532
3086 4270
3086 8561
3087 4509
3088 6083
3091 4858
3094 6697
3097 6880
3098 5315
3098 9204
3098 9913
3099 4621
3101 4290
3101 4317
3102 8905
3102 8025
3103 3587
3103 6185
3104 6961
3105 7680
3106 9188
3106 6813
3106 9094
3107 4701
3108 4509
3108 4831
3109 6837
3110 4625
3111 3586
3111 5609
3112 3524
3113 4633
3114 8612
3114 6498
3115 3289
3116 4537
3116 5217
3117 6732
3117 8476
3117 6608
3118 4888
3118 5430
3119 4385
3119 8267
3119 7757
3120 3685
3121 7861
3124 6570
3124 6780
3124 5325
3125 7049
3126 5271
3126 6379
3127 7312
3128 9992
3128 9869
3129 3878
3130 6944
3131 8206
3131 8580
3131 8089
3132 9140
3133 9610
3134 5965
3135 7955
3136 6076
3137 3652
3137 5007
3138 9387
3138 9943
3138 5876
3139 3788
3140 5158
3140 8957
3140 7515
3141 3256
3142 3387
3142 4862
3142 4736
3143 3421
3144 8770
3146 7857
3146 8323
3146 7334
3146 8759
3148 3269
3148 7142
3148 8660
3148 5821
3148 3411
3149 7456
3149 6418
3150 3444
3150 6238
3150 7871
3151 6294
3151 7425
3153 8035
3155 9155
3156 3393
3156 6633
3156 3793
3156 3509
3157 8763
3157 3961
3157 4171
3158 3497
3158 3719
3158 3954
3159 7675
3159 7029
3160 7999
3160 9612
3161 8333
3162 5220
3162 9059
3163 9978
3164 8701
3164 9456
3164 6229
3165 3445
3166 7507
3167 3473
3169 6039
3170 9851
3170 6860
3171 8509
3171 4168
3171 6988
3172 4543
3173 6223
3173 8128
3174 8173
3176 3796
3177 3816
3177 3709
3177 4495
3178 6209
3178 9643
3178 4192
3179 9966
3180 5810
3181 4129
3181 7761
3181 5342
3182 3919
3183 7730
3185 7232
3185 3686
3186 9539
3186 5853
3187 3975
3189 5702
3189 6907
3190 4870
3190 8178
3190 4735
3191 5867
3191 6525
3191 9394
3191 7322
3193 3710
3194 9865
3194 7281
3195 4752
3196 8002
3197 6653
3198 7234
3198 7702
3199 5110
3200 3357
3202 4091
3202 5668
3203 3813
3204 4968
3206 5820
3207 4738
3207 4743
3207 5617
3208 6664
3208 9994
3208 9670
3209 8895
3210 4906
3211 8150
3212 6548
3212 8648
3213 3893
3213 5828
3214 4390
3215 3953
3215 6525
3216 9848
3217 3546
3218 4744
3218 6711
3218 7574
3218 9523
3219 8120
3220 3689
3222 5565
3223 8412
3224 3823
3226 6983
3227 5157
3228 9763
3229 6414
3229 9638
3230 4114
3230 7258
3231 5061
3231 9509
3232 6954
3233 6282
3233 3970
3233 5339
3234 4540
3235 4226
3236 8953
3237 3659
3238 8205
3239 3376
3240 8530
3240 7484
3242 7590
3243 6703
3243 5835
3244 7279
3245 3842
3246 6798
3246 7711
3246 7893
3247 7513
3247 8640
3248 7717
3249 8147
3249 8087
3250 8043
3250 9507
3250 3862
3251 8433
3252 7973
3252 8830
3252 5036
3253 5347
3254 7398
3255 8455
3255 7115
3256 4332
3256 6891
3257 5320
3257 5741
3258 9144
3259 9478
3261 9138
3262 7086
3263 5799
3264 9263
3265 3865
3265 7546
3266 6115
3266 8719
3267 5405
3268 4278
3268 6234
3268 8218
3268 9246
3270 4660
3271 8175
3272 3326
3273 7876
3274 8274
3274 8101
3275 6092
3275 6322
3276 4843
3276 6301
3276 7315
3277 7595
3278 3859
3278 7032
3278 3480
3279 5569
3279 3726
3279 4854
3280 8284
3282 7400
3282 8983
3282 9991
3282 8185
3283 4663
3284 4957
3285 7205
3286 5071
3287 5751
3287 9075
3288 9303
3289 9022
3290 8359
3292 7500
3293 9628
3294 7195
3294 3966
3295 7330
3295 8447
3295 4346
3296 4069
3297 9511
3297 9281
3298 7436
3298 7503
3299 3776
3299 9379
3300 9704
3300 4373
3301 9541
3301 4836
3301 9525
3302 4150
3303 9802
3304 6579
3304 6533
3305 5956
3305 8049
3305 3334
3306 6339
3308 7258
3309 5565
3310 8013
3311 6085
3312 3472
3312 8451
3314 3808
3315 4612
3316 8505
3317 9579
3318 5589
3318 5990
3318 8205
3319 3898
3319 4334
3320 7653
3320 8772
3320 7269
3321 8053
3322 9040
3323 5701
3323 3599
3323 8089
3324 6443
3328 6221
3329 4877
3329 9048
3330 6369
3331 7486
3331 9626
3332 4488
3333 8175
3333 7569
3334 3518
3335 8116
3335 4201
3336 5864
3337 7882
3338 6415
3339 9881
3339 6713
3340 5888
3340 9519
3341 4253
3341 4039
3341 3898
3343 4617
3344 8907
3344 7931
3345 9374
3345 3791
3347 8060
3347 7627
3347 8887
3347 6363
3348 8879
3348 8985
3349 3924
3352 9640
3353 3724
3353 7745
3353 9167
3353 9313
3353 9392
3354 4994
3354 7550
3357 7237
3358 4767
3359 7021
3359 7313
3360 9598
3361 8807
3362 8222
3363 5184
3364 7988
3365 5225
3365 9020
3367 5012
3367 9446
3367 3711
3368 8627
3369 7526
3369 9317
3369 4639
3370 4600
3371 6431
3372 4606
3372 6971
3373 4894
3374 4026
3374 9426
3375 3624
3375 5162
3375 8345
3375 5988
3376 6455
3376 4917
3378 7393
3378 4361
3379 5277
3379 4049
3379 6926
3380 8598
3380 6676
3381 6065
3382 9206
3383 5429
3383 6240
3385 3714
3386 4524
3387 8413
3390 3781
3390 9682
3391 9201
3391 3643
3394 5528
3394 6245
3395 8257
3396 5542
3398 7463
3400 5461
3401 6009
3401 6155
3402 7471
3402 7442
3403 4280
3406 5456
3406 3741
3407 6449
3407 7515
3407 8271
3408 8620
3409 5740
3409 7407
3409 9670
3409 9145
3410 5379
3411 3645
3413 5560
3414 9223
3415 9835
3415 7477
3416 7695
3416 8771
3416 9292
3416 5183
3417 7406
3418 4518
3418 4059
3418 4746
3418 5327
3419 7285
3419 4930
3420 8184
3421 3690
3421 6687
3421 4473
3422 6753
3422 4117
3424 8495
3424 6277
3425 7877
3428 5045
3428 4644
3429 3592
3430 8646
3431 8469
3432 3749
3433 9241
3434 5856
3434 7017
3435 3812
3436 5809
3436 5445
3436 9896
3437 9681
3439 5128
3439 3634
3439 9118
3440 5955
3440 5870
3440 6438
3441 6878
3443 9420
3445 3703
3445 9928
3446 6423
3447 9222
3449 9221
3450 7828
3450 4311
3450 5695
3451 7461
3451 9088
3452 9082
3455 4887
3456 5145
3456 6017
3457 9904
3458 9077
3460 5849
3460 5441
3461 4603
3463 6605
3463 8552
3464 8218
3466 8290
3467 4256
3467 8543
3468 5272
3468 8988
3469 5695
3469 9826
3469 5288
3470 9756
3471 4981
3473 7674
3475 8853
3475 3920
3476 3568
3476 5849
3477 7734
3478 5735
3478 9884
3478 9012
3479 4872
3480 6447
3480 7398
3480 8425
3480 6526
3481 3796
3482 6457
3482 3958
3483 8677
3483 9719
3483 7920
3484 4308
3486 8829
3487 6113
3488 6159
3490 6649
3490 9473
3491 8371
3492 4918
3493 8176
3494 3791
3495 5041
3496 6871
3499 9877
3500 5031
3501 9253
3501 9362
3502 7946
3502 7881
3504 4994
3505 7404
3505 9841
3506 4289
3506 8172
3507 7524
3508 5614
3509 8237
3510 8893
3510 8195
3511 6245
3511 5372
3512 8373
3512 6560
3513 3785
3515 6460
3516 4920
3516 3582
3516 9215
3516 7530
3516 5714
3517 8069
3518 6351
3518 9557
3518 6673
3519 6502
3520 5980
3520 5211
3521 3640
3521 7823
3521 9608
3522 7227
3523 4847
3523 6056
3525 7054
3526 4085
3527 4360
3528 4890
3528 9196
3529 4126
3530 7165
3532 5469
3532 7111
3533 8205
3534 6953
3536 7445
3537 6792
3538 7432
3538 4384
3539 6448
3539 6559
3541 6049
3542 5435
3542 7809
3543 4547
3543 6734
3544 9225
3544 5151
3546 9803
3546 5821
3547 8461
3548 7796
3549 7565
3550 9518
3551 7356
3552 7911
3553 5515
3554 4298
3554 7728
3555 7383
3557 6536
3557 6757
3558 8117
3558 4096
3559 7095
3559 9524
3559 4424
3561 7250
3561 7707
3562 8097
3564 7285
3565 8961
3567 7673
3568 3596
3569 7506
3570 5387
3571 6600
3571 8287
3571 7831
3572 8065
3572 5105
3573 5850
3574 3848
3575 6938
3577 8241
3578 9270
3579 7829
3580 4664
3580 9896
3581 6166
3581 4792
3581 6001
3582 6259
3583 3676
3584 9008
3585 6883
3588 4146
3590 6283
3591 6897
3592 7687
3595 7762
3597 3741
3598 7376
3601 6225
3603 7454
3603 7691
3604 4955
3605 4357
3606 5410
3608 6193
3610 4422
3610 7084
3610 3626
3611 7763
3611 5427
3612 9529
3612 8058
3613 4222
3613 9058
3613 7033
3613 9482
3614 8015
3614 4992
3614 7722
3615 4973
3616 5734
3617 9171
3617 9852
3618 5735
3619 4633
3619 8876
3620 6236
3620 9745
3620 7368
3622 7257
3622 9184
3623 4940
3625 7263
3625 4429
3626 7778
3627 3894
3627 3646
3628 5603
3628 6947
3629 9294
3629 8325
3630 5097
3630 7423
3631 5645
3631 5662
3632 4322
3632 4377
3632 7795
3632 5906
3632 8588
3633 7069
3633 3763
3634 6924
3634 8971
3635 7937
3636 8745
3636 3787
3638 9949
3641 3685
3641 7491
3641 8243
3641 8908
3641 9710
3642 6755
3643 5903
3644 4196
3644 8376
3646 9940
3649 4203
3649 5068
3650 7198
3650 4370
3651 8951
3653 7614
3654 4213
3655 8617
3655 7101
3656 9121
3656 5732
3658 5235
3658 5247
3659 8735
3659 8891
3660 9548
3660 9624
3662 9402
3664 6725
3664 4097
3665 8805
3667 6433
3669 9302
3670 5770
3670 6912
3671 7372
3672 7643
3674 5209
3675 5070
3675 7193
3677 5268
3678 3909
3678 8024
3679 7905
3679 7258
3680 6349
3681 9665
3681 3742
3683 4662
3684 4802
3685 4767
3686 6594
3686 8261
3688 6526
3689 3717
3692 6634
3692 7786
3692 6302
3693 7085
3694 6110
3694 5110
3695 5734
3695 6244
3696 5609
3699 5704
3701 5544
3702 7201
3705 4782
3707 8594
3708 6201
3709 9889
3711 9422
3713 7361
3715 8214
3715 7475
3716 5581
3716 8787
3717 3794
3717 8191
3719 4882
3719 7598
3720 8471
3722 9632
3722 7497
3726 6596
3727 6773
3729 6016
3729 4559
3730 4708
3730 6944
3731 5885
3731 7288
3732 7624
3733 5933
3733 4752
3734 5841
3734 4591
3734 7999
3735 5120
3737 6058
3738 7836
3739 6683
3739 9165
3739 8028
3740 5762
3742 7704
3742 8140
3744 9280
3744 5921
3744 8943
3745 8329
3747 3769
3747 8100
3747 8255
3748 6114
3749 4230
3749 5780
3751 8266
3751 5619
3752 3832
3752 4261
3752 3941
3753 5587
3754 7516
3755 4957
3756 5248
3757 8824
3757 3897
3758 4830
3760 8613
3761 6944
3762 4344
3763 4922
3764 5618
3765 5042
3765 4791
3767 5918
3768 7174
3770 4306
3770 5134
3771 6324
3772 3949
3774 5628
3774 6901
3775 8689
3777 7074
3778 8132
3779 6549
3781 5064
3781 4247
3783 9619
3784 9391
3786 9819
3787 9240
3787 3956
3788 6412
3789 9148
3789 6718
3790 6945
3791 8999
3791 8414
3792 4621
3793 3994
3793 6699
3793 9605
3794 6858
3794 7323
3797 9630
3797 5255
3800 5247
3802 8553
3802 4396
3804 8402
3805 4051
3806 9552
3808 6233
3808 5588
3809 4865
3810 8728
3810 3935
3811 8924
3811 5068
3813 4101
3813 7668
3814 4634
3814 8089
3814 4810
3815 8696
3817 5400
3819 7600
3819 8187
3822 5495
3823 4945
3823 4257
3825 5031
3826 6643
3827 6527
3829 5160
3829 8470
3829 7383
3830 7677
3831 4050
3833 9820
3833 6393
3834 6850
3834 5585
3836 5647
3837 6943
3838 7449
3839 6639
3841 6275
3841 5284
3843 7485
3844 5691
3845 8729
3846 3848
3848 8308
3849 5681
3850 4266
3850 5114
3850 9973
3851 3919
3851 9090
3852 4768
3852 7417
3852 5281
3852 4500
3854 5320
3855 6758
3855 5932
3855 4894
3856 5413
3857 4431
3858 7187
3860 6566
3860 8796
3861 8865
3861 4704
3862 6772
3862 4942
3863 4719
3864 8346
3865 8392
3866 8294
3867 3882
3867 8669
3868 7116
3868 9388
3869 5882
3870 6646
3871 5756
3872 7927
3872 9499
3872 7592
3873 6305
3873 5200
3874 5589
3875 4212
3875 8321
3875 9147
3875 7899
3876 9348
3877 4951
3877 5355
3877 8905
3879 9808
3879 5533
3880 3971
3881 4570
3884 8026
3885 5909
3885 8325
3885 7853
3885 5878
3886 4567
3886 7144
3887 6390
3888 4359
3889 8251
3890 7543
3891 6028
3891 9447
3891 9191
3892 8191
3894 4585
3894 8199
3895 4016
3895 7941
3896 7848
3896 9686
3897 7235
3899 4018
3899 8353
3901 5743
3901 6567
3901 8723
3901 6077
3902 7217
3904 4368
3904 4942
3907 9354
3907 8560
3908 4210
3910 5119
3911 8078
3915 9321
3917 5524
3918 8388
3920 9732
3921 7849
3921 4436
3922 5407
3922 8292
3923 7807
3923 6090
3925 5020
3925 7401
3926 5950
3926 5920
3927 8266
3929 9127
3930 8860
3931 7838
3932 6095
3933 4592
3934 9594
3934 9816
3935 6940
3935 9326
3936 4075
3937 6067
3938 7479
3940 6082
3941 4586
3941 6478
3942 7639
3943 6353
3943 8815
3944 3979
3945 7410
3945 7993
3946 4936
3946 6975
3947 8432
3948 8788
3949 8007
3949 4872
3950 7746
3951 8746
3952 9170
3954 6520
3955 8372
3957 6241
3957 9575
3958 8581
3958 7541
3959 9636
3959 4556
3959 7543
3960 5560
3961 8394
3962 4502
3963 9601
3967 7284
3968 6739
3968 9261
3968 4445
3969 9581
3970 7071
3971 5345
3972 5411
3972 6380
3972 7932
3973 5243
3973 9498
3974 4368
3975 6840
3975 6878
3976 6756
3977 8379
3978 4887
3980 8204
3981 4090
3982 4599
3983 5782
3983 3991
3983 7794
3984 4499
3985 6530
3985 8521
3986 8094
3987 6513
3987 6875
3987 9188
3988 9412
3988 4277
3989 6789
3990 6754
3991 4845
3992 4830
3993 4898
3994 4109
3994 9144
3996 4684
3996 5718
3997 7710
3997 6531
3998 4769
3999 8951
3999 8814
4000 5287
4001 9499
4003 5459
4004 4866
4004 5851
4005 8329
4006 4444
4006 4865
4007 7714
4008 4775
4008 4106
4008 9460
4009 5549
4010 9275
4012 7963
4012 7424
4014 8658
4017 6484
4017 5822
4017 6173
4018 5108
4018 4255
4019 4036
4019 9930
4020 4726
4020 9728
4021 8351
4022 9725
4022 6767
4023 5830
4023 9500
4024 6186
4025 9011
4025 5692
4027 7240
4028 7515
4030 5067
4030 4055
4031 8675
4032 9574
4032 4622
4033 8485
4033 9418
4034 4475
4035 6745
4037 8838
4038 8709
4040 4455
4041 8233
4041 5290
4043 6100
4045 6343
4047 4352
4047 4130
4048 5902
4049 7073
4049 9798
4049 4761
4050 9169
4051 8934
4052 9268
4052 6073
4053 8393
4054 6948
4054 4651
4055 5473
4058 5253
4059 7468
4060 6354
4061 8848
4062 5465
4063 5845
4063 5767
4064 6535
4070 7518
4070 5492
4072 6880
4073 6699
4074 6662
4075 9591
4077 6268
4079 5100
4079 5841
4080 6715
4080 7968
4081 4296
4081 6087
4082 4803
4082 8958
4083 7076
4085 6410
4087 5737
4088 8434
4088 9791
4088 9100
4089 5500
4089 8087
4092 5518
4094 7785
4095 8375
4096 5343
4098 5859
4099 7375
4099 8499
4099 6486
4100 6724
4101 9235
4101 4841
4103 5422
4103 5357
4104 7253
4105 6998
4106 9773
4107 4133
4107 7912
4108 6966
4109 8603
4109 8959
4110 4713
4111 8776
4111 5448
4112 9291
4113 4805
4116 7548
4117 6035
4119 5853
4120 5445
4121 5270
4122 9918
4122 9680
4123 4435
4124 5095
4127 9072
4130 5153
4131 9923
4132 7725
4133 6573
4134 4717
4134 9181
4134 8261
4135 8995
4136 4600
4138 5033
4139 7817
4139 5487
4140 9568
4141 8207
4142 7936
4143 7091
4144 5444
4145 6723
4146 9735
4146 9772
4149 7110
4149 4979
4150 7163
4151 7656
4152 7793
4152 9775
4153 8127
4154 8028
4155 7354
4155 9510
4157 5385
4157 9223
4159 7730
4160 5964
4160 9066
4161 4176
4162 6762
4162 7112
4163 9480
4164 8941
4164 8101
4165 7643
4165 4835
4166 9480
4167 7180
4167 7597
4167 9866
4168 7146
4168 4527
4168 9649
4169 6201
4169 7640
4169 6848
4171 5975
4172 8442
4172 9134
4173 9407
4173 7986
4174 5211
4174 9430
4176 4588
4177 7493
4179 4450
4181 7339
4181 9219
4182 4307
4183 4762
4183 6738
4184 4812
4185 7120
4185 4591
4186 8822
4186 8400
4187 9001
4187 9218
4188 5060
4190 5918
4192 8978
4193 7192
4194 6820
4195 8685
4195 9962
4197 8436
4197 7856
4198 4626
4198 7054
4198 4303
4199 9188
4202 4786
4202 8688
4203 4944
4204 8159
4205 5039
4206 4357
4206 7965
4206 9935
4207 6538
4207 6863
4208 7868
4208 9955
4209 5082
4209 8220
4210 6910
4211 5428
4213 6208
4214 4479
4215 7143
4216 9501
4216 9267
4218 7264
4219 8062
4221 8732
4221 6000
4222 7930
4223 4958
4224 9231
4224 7863
4224 7410
4225 5670
4226 5204
4226 4687
4227 5628
4228 9666
4229 9142
4231 7036
4231 7421
4232 9244
4232 5858
4233 4694
4233 8627
4234 6044
4235 6905
4236 8460
4236 9043
4237 8061
4237 9815
4240 9487
4240 4606
4241 8563
4242 8537
4242 7035
4242 5651
4243 6626
4244 6013
4245 5394
4246 4713
4247 4896
4247 6987
4247 6058
4248 5340
4249 8327
4250 5995
4251 9836
4251 4951
4252 7292
4254 7076
4256 7034
4256 9774
4257 6426
4261 6175
4262 8384
4263 8929
4263 7320
4264 9507
4267 6934
4268 4916
4269 4751
4269 4446
4270 5508
4271 7134
4271 4689
4273 7253
4275 8592
4275 8427
4276 4354
4279 9790
4280 9150
4281 5522
4281 9720
4281 6517
4284 8589
4285 5264
4285 9283
4288 7387
4288 8696
4288 6172
4291 7842
4291 9586
4291 5661
4292 9399
4294 9146
4295 5765
4297 8165
4299 8193
4300 7918
4301 6263
4302 8371
4303 8724
4304 6441
4304 9322
4305 4840
4306 8998
4308 5650
4308 8355
4309 7177
4309 7235
4310 4510
4310 7892
4310 5622
4311 9060
4312 7174
4313 8602
4313 8880
4314 4478
4315 4514
4316 6230
4316 9741
4316 4474
4317 7502
4319 8051
4320 6270
4323 8262
4323 6017
4324 9190
4324 5480
4327 5067
4328 5582
4330 8513
4330 8124
4331 8923
4332 7841
4334 6359
4335 5759
4336 4987
4337 7716
4338 5164
4339 9652
4340 4621
4341 8778
4341 9098
4341 8694
4341 6840
4342 8278
4343 8571
4343 9430
4346 7552
4348 9145
4349 5334
4350 9370
4353 5419
4353 7481
4353 7539
4355 6717
4355 9287
4355 9517
4356 5866
4358 9750
4358 6315
4359 7142
4361 4746
4362 5712
4362 9460
4363 8565
4363 8694
4364 6626
4365 5635
4365 9997
4366 5194
4366 7337
4367 7402
4369 8501
4370 5468
4370 8029
4371 8588
4372 5093
4373 9048
4378 7230
4380 9785
4381 7262
4382 7868
4384 7766
4386 7131
4389 4505
4389 5094
4389 9703
4389 5271
4390 8240
4391 6413
4392 6624
4392 9786
4393 7622
4394 4696
4395 5046
4396 5921
4397 4728
4397 5026
4398 7646
4398 5401
4399 9197
4401 5395
4401 7783
4402 8438
4402 7571
4404 9538
4404 6389
4405 6787
4406 4828
4406 5881
4408 4818
4409 7937
4411 7275
4412 7932
4413 7159
4413 7662
4413 9352
4413 6994
4414 8217
4415 9042
4415 7520
4415 6318
4417 8473
4419 5410
4419 5706
4420 5721
4421 6163
4421 4499
4423 6703
4425 5330
4426 6022
4428 6108
4428 5501
4429 8097
4430 6582
4430 7907
4431 6569
4432 5977
4432 8140
4432 7061
4432 6946
4433 7799
4434 8848
4434 9076
4434 5214
4435 5282
4435 9827
4436 4506
4436 8821
4438 8981
4438 9573
4438 9469
4439 6791
4439 9474
4439 5482
4440 7769
4441 9255
4441 9711
4445 4817
4446 9398
4446 9152
4447 7794
4448 6540
4449 6029
4450 9442
4451 5559
4451 7272
4453 5134
4454 7765
4454 4983
4455 9835
4456 7271
4456 9471
4457 7434
4458 9109
4458 5090
4459 4677
4459 5521
4459 7024
4460 9273
4460 6901
4462 9738
4464 8223
4465 8052
4465 9816
4466 8886
4466 8779
4467 8496
4467 4690
4468 5951
4469 8519
4469 6208
4470 9421
4470 5077
4471 5298
4472 4477
4473 5073
4474 7793
4475 9878
4475 5771
4476 7099
4476 9253
4478 8616
4478 6967
4479 7433
4479 7466
4482 7590
4484 4998
4485 6012
4485 8759
4487 6423
4488 9045
4489 6277
4489 5852
4490 8871
4491 5317
4492 8192
4493 7735
4493 9412
4495 6281
4495 9186
4497 6910
4497 7262
4498 5080
4499 7087
4500 6199
4500 9851
4501 5370
4503 9697
4506 8449
4507 9634
4508 5183
4511 8700
4511 4660
4512 7296
4513 6630
4516 6480
4516 5056
4517 6668
4519 6078
4520 9120
4521 6647
4522 8124
4523 8255
4524 4719
4524 7621
4525 4614
4526 7836
4526 4542
4527 7086
4529 6878
4529 4968
4529 9033
4530 4855
4531 5817
4532 7628
4533 6433
4535 9411
4535 5676
4535 9690
4538 4579
4539 6982
4541 5327
4544 9314
4545 6697
4546 5460
4548 6912
4548 7844
4548 9670
4550 9876
4551 9381
4552 5158
4555 5673
4556 7670
4557 6846
4557 8105
4558 4643
4558 6880
4559 9709
4560 9666
4561 5941
4561 8824
4562 9781
4563 5016
4563 5305
4564 9418
4565 4881
4566 9728
4566 7830
4568 9546
4569 9136
4569 8105
4570 7199
4570 5793
4571 4994
4572 6852
4572 9255
4574 9789
4574 6518
4575 6058
4576 5572
4576 6058
4577 4717
4578 8500
4579 9647
4579 4949
4580 7226
4580 9235
4581 5646
4582 5262
4582 6569
4582 9604
4583 6741
4584 7266
4585 7749
4586 8789
4587 8078
4587 7033
4588 6402
4589 5007
4590 9638
4591 5887
4591 6430
4592 5231
4593 8577
4593 9553
4594 6233
4595 8100
4596 6964
4598 8568
4599 5783
4600 9140
4601 7043
4601 7902
4602 9198
4603 9214
4604 4947
4604 5582
4605 6720
4606 6936
4607 7074
4607 5236
4608 5961
4611 9365
4611 6416
4611 6901
4611 8111
4612 5826
4612 8141
4612 6466
4613 7998
4614 5301
4615 8814
4615 8928
4616 6156
4616 7225
4616 6460
4618 5815
4618 8052
4620 7060
4620 8023
4622 6253
4622 9066
4622 8169
4623 4788
4624 5250
4627 9623
4629 5980
4631 4849
4632 5630
4636 7925
4636 6432
4637 6777
4638 8417
4639 5303
4645 8910
4645 7994
4646 6501
4646 8358
4646 5667
4647 9047
4647 6466
4648 5854
4648 9358
4649 6104
4649 9009
4650 9985
4651 8039
4653 4871
4653 8518
4654 9910
4654 9918
4655 5778
4655 9505
4655 6437
4655 4707
4656 6945
4656 7454
4657 5132
4657 7408
4657 8825
4658 9007
4659 9464
4661 8055
4662 9471
4663 5463
4663 9455
4665 9367
4665 9023
4666 7277
4667 9284
4667 8431
4668 8757
4668 7001
4668 4755
4671 6205
4672 9744
4673 5079
4674 9018
4674 9540
4676 6031
4678 9806
4679 9701
4679 5086
4680 4962
4682 7894
4683 6002
4687 8529
4687 4763
4688 7478
4689 9115
4690 9645
4690 9299
4691 5283
4692 8374
4693 6287
4694 6492
4695 4705
4695 4928
4697 8344
4697 5329
4698 8279
4700 7286
4700 8518
4701 5732
4702 9162
4702 7182
4704 5894
4706 7691
4707 6797
4709 6352
4710 7031
4710 7237
4710 7687
4712 7127
4714 4800
4714 7955
4714 7968
4715 7970
4715 6442
4716 5986
4716 9857
4716 6672
4718 5242
4720 9881
4721 6843
4721 6734
4722 4944
4723 8984
4724 8774
4725 6922
4726 5911
4727 5384
4730 6714
4731 5048
4731 7327
4732 6173
4733 8404
4735 5579
4736 8580
4737 6755
4737 5335
4741 8770
4742 6721
4742 9391
4743 9898
4745 5517
4745 6748
4745 6815
4745 6021
4746 8765
4748 5016
4749 7869
4750 7378
4753 8104
4754 9747
4755 9683
4757 8764
4758 9220
4759 9743
4759 5654
4761 5102
4761 7113
4762 9107
4764 9843
4765 7930
4766 7776
4766 5997
4769 9290
4770 9320
4770 7485
4771 5270
4772 5045
4774 6674
4776 8944
4777 5173
4777 8502
4777 7050
4778 6487
4780 4833
4780 7405
4780 8677
4781 6920
4783 4902
4785 7026
4785 7530
4786 5534
4787 7880
4788 7889
4788 8428
4789 9372
4790 5785
4791 7831
4791 6487
4792 7290
4792 8305
4793 7473
4794 9048
4795 8062
4795 7596
4797 8647
4797 9075
4797 5540
4801 8296
4804 6794
4806 5869
4807 5812
4807 7336
4809 5483
4810 9254
4810 5440
4811 7849
4812 6080
4812 8651
4813 7046
4814 5047
4814 8803
4814 9244
4815 6431
4816 8611
4817 6412
4818 7345
4821 6982
4822 9623
4822 8345
4823 5701
4824 6727
4825 7508
4826 6164
4827 6333
4828 9937
4829 4971
4831 7384
4832 6031
4835 7830
4835 9536
4836 7651
4837 8854
4837 6068
4838 9995
4839 7852
4840 6422
4841 7613
4841 8172
4842 5859
4842 9598
4844 9004
4844 8862
4844 8661
4845 6117
4846 9609
4846 6590
4849 9823
4850 6288
4850 9304
4851 6140
4852 9763
4853 9236
4854 8705
4854 5150
4854 8520
4855 9512
4855 9081
4856 7937
4857 7582
4858 8318
4858 5339
4859 9638
4860 8670
4861 6927
4863 9088
4864 5484
4865 7241
4865 9202
4867 6330
4871 7996
4872 6247
4872 5557
4874 8833
4875 9226
4876 7132
4876 9530
4876 8514
4878 9899
4879 8053
4880 9041
4880 9642
4882 6019
4883 7120
4884 7663
4884 8585
4884 7001
4885 6935
4885 9598
4886 7467
4889 8220
4891 8317
4892 8006
4893 8884
4893 6335
4893 5700
4894 5351
4899 7616
4900 7741
4900 7839
4900 9257
4900 9897
4900 7725
4901 5616
4901 8247
4902 5801
4903 9411
4904 6200
4907 5177
4908 7743
4909 6816
4909 8443
4910 9417
4911 8641
4912 8892
4912 6235
4912 7261
4912 6664
4913 6539
4914 5173
4915 9715
4917 9400
4918 6996
4918 6256
4919 7796
4919 7853
4922 6454
4922 6405
4923 5764
4923 9245
4923 6270
4924 7581
4925 8543
4926 5244
4927 7317
4929 8994
4929 9782
4931 9730
4931 5333
4932 7224
4933 8012
4933 9705
4933 6655
4934 5358
4934 8760
4934 8390
4934 8880
4935 6326
4935 9029
4936 7080
4937 6607
4941 9751
4943 7950
4944 8014
4946 6536
4948 6006
4948 7684
4949 8608
4949 6440
4950 5493
4950 9976
4952 5043
4953 8296
4954 6120
4956 6143
4956 8388
4960 8832
4960 8885
4961 6064
4961 5906
4962 9455
4962 9645
4963 7935
4964 8820
4965 6818
4966 6615
4966 9271
4967 8234
4967 9201
4969 9827
4970 7418
4970 8714
4970 6885
4971 6211
4971 9296
4971 9562
4972 7345
4973 7258
4974 9201
4978 8483
4979 8156
4980 4988
4981 8171
4981 8964
4981 6874
4982 8848
4983 9409
4983 5569
4985 8520
4986 5101
4986 7474
4986 7242
4987 6663
4989 8232
4990 6669
4992 7497
4994 9624
4995 5489
4995 6372
4996 6819
4998 9545
4998 6562
4999 5010
5000 5139
5000 8174
5001 6621
5001 9395
5002 9554
5003 6331
5004 9984
5005 6015
5005 8700
5006 6595
5007 6040
5008 8885
5009 6671
5010 8304
5011 6983
5011 7616
5011 8488
5011 6154
5013 8221
5014 9021
5014 8618
5015 7806
5015 5501
5015 8587
5016 5965
5017 6960
5018 6592
5019 6551
5020 6404
5021 8009
5021 7656
5022 6492
5025 8638
5026 9961
5026 7643
5027 5819
5028 9471
5029 7879
5030 5755
5031 5297
5032 6546
5033 5982
5034 5109
5034 8175
5035 7042
5036 9628
5036 6248
5037 6125
5037 9906
5042 7326
5043 6741
5044 5981
5047 6564
5049 8621
5049 8680
5049 8782
5051 5936
5051 8069
5052 8888
5053 8533
5053 9879
5054 9526
5055 9683
5057 8280
5058 9480
5059 7443
5062 7487
5062 7687
5064 7862
5065 8575
5066 7250
5068 7821
5069 7308
5069 6782
5071 8424
5072 8918
5073 9347
5074 8767
5074 6501
5075 7579
5076 7780
5076 9846
5077 8445
5078 5583
5078 8328
5078 8099
5081 6387
5081 9683
5081 5478
5082 8481
5084 9348
5084 9493
5086 7768
5087 7164
5087 9724
5087 5910
5088 8534
5088 9698
5090 8197
5090 7006
5091 6843
5093 6258
5094 6375
5094 5593
5095 9939
5097 8638
5098 9508
5098 8541
5098 5746
5099 5971
5099 6487
5103 9996
5104 9405
5104 5281
5105 9459
5106 8232
5106 5695
5107 6052
5107 9847
5111 7268
5113 7726
5113 6087
5115 9020
5116 9600
5118 6079
5119 7225
5121 7926
5121 6830
5122 9256
5122 7026
5123 6198
5123 9687
5124 7617
5124 6397
5125 9029
5127 7844
5128 8675
5129 7133
5129 8913
5130 5577
5131 5535
5132 6130
5133 9661
5134 7984
5136 5898
5137 8441
5139 7654
5139 8144
5140 9266
5141 9337
5143 5843
5143 8810
5143 7499
5144 8829
5148 6980
5150 9592
5151 9306
5152 6800
5154 8894
5156 5336
5158 7067
5159 6419
5159 8226
5161 5471
5163 5947
5163 9799
5163 5492
5163 7917
5167 7840
5168 6999
5169 6445
5169 9200
5170 5620
5170 8049
5171 7202
5172 7309
5174 8076
5174 7600
5175 7737
5175 8606
5175 9351
5176 9995
5177 7030
5178 8763
5179 5364
5179 8189
5179 6139
5180 5447
5181 7641
5182 9027
5182 7005
5182 5789
5183 5286
5183 7277
5184 6968
5184 9078
5184 7537
5185 6379
5186 6229
5187 8882
5187 9515
5187 6316
5188 5879
5189 8814
5190 9266
5191 9355
5191 8561
5192 8506
5193 6959
5195 9149
5195 7038
5196 9414
5196 7605
5197 5268
5198 7386
5199 9554
5200 7586
5203 6807
5204 7605
5205 7217
5206 6085
5207 8599
5207 5980
5208 9396
5210 8025
5212 7152
5213 6777
5215 8112
5215 6506
5215 7148
5216 6545
5218 9852
5218 9811
5221 8568
5222 7118
5226 7651
5227 6093
5228 7530
5229 7647
5229 8100
5231 7528
5232 9237
5234 9679
5236 6440
5236 9675
5236 9644
5237 7879
5237 5796
5238 6621
5239 5849
5240 6948
5241 8805
5242 9155
5244 9984
5246 9708
5246 6938
5248 5984
5249 7368
5250 6680
5251 9752
5253 5810
5254 8380
5255 9986
5256 6313
5257 5982
5257 9613
5257 8131
5258 5618
5261 7148
5263 6067
5266 7482
5270 6300
5274 7188
5275 7844
5276 8980
5276 7440
5277 9571
5279 8902
5279 9676
5279 8345
5280 8423
5283 8637
5284 7327
5285 8720
5287 7690
5287 7060
5288 5660
5288 9575
5289 6337
5292 7455
5294 8196
5295 6374
5295 9993
5295 7597
5296 8794
5298 6906
5299 7269
5300 8353
5300 7961
5302 8313
5302 7212
5303 7479
5304 6276
5305 7299
5306 7311
5306 8652
5307 6526
5308 6826
5310 8443
5312 9934
5313 9506
5313 8261
5314 5483
5315 5630
5317 5819
5318 7333
5319 5493
5321 5759
5321 6747
5322 6292
5322 7267
5323 7698
5323 7294
5324 8302
5324 5495
5324 9753
5325 9522
5325 7610
5326 5930
5328 5516
5329 7158
5330 6672
5334 8142
5334 6302
5335 8792
5336 8567
5336 5804
5337 5854
5338 8726
5338 6935
5339 8561
5340 5817
5341 7156
5341 6725
5343 8070
5346 9787
5348 7318
5348 9469
5349 8903
5349 8382
5350 8380
5351 7357
5352 9776
5353 8652
5355 7222
5355 9911
5357 6033
5359 9309
5359 7670
5360 7840
5362 6306
5363 5436
5364 7359
5365 5389
5366 6030
5367 6312
5368 6841
5368 9163
5369 7341
5370 6053
5370 5682
5371 8223
5372 8924
5373 6046
5373 9158
5373 9080
5374 6342
5375 9601
5376 7573
5378 6423
5379 9036
5379 6370
5380 7105
5381 8554
5382 6870
5382 8265
5383 8635
5384 7747
5388 5564
5389 9315
5390 8770
5391 7563
5392 5790
5392 6151
5393 6455
5394 7541
5396 6191
5398 7458
5398 6413
5399 5953
5400 7329
5401 6994
5402 6700
5403 9048
5404 6949
5405 8330
5405 5794
5408 8933
5409 9006
5412 8193
5413 5803
5413 8314
5414 9490
5416 6878
5417 9786
5418 7081
5420 5608
5421 7778
5423 9175
5424 6237
5425 9697
5425 8573
5426 6042
5427 7072
5428 9941
5429 6736
5430 5922
5431 8673
5433 6167
5433 6571
5434 9819
5435 8249
5435 9205
5436 7794
5437 9073
5439 5850
5439 8320
5440 7591
5441 8671
5442 8843
5443 8493
5445 9198
5446 6190
5447 5824
5448 8478
5449 6743
5450 9003
5451 8816
5452 7531
5452 8541
5453 7112
5454 6487
5457 8610
5457 5747
5460 6963
5460 9947
5460 7444
5461 7139
5462 9148
5463 9572
5464 6949
5465 9732
5466 9468
5470 6027
5472 8183
5472 8862
5473 6889
5473 8148
5474 7852
5474 8951
5475 6226
5475 7360
5475 8841
5476 8891
5480 7984
5480 5803
5482 6379
5482 6125
5488 6829
5488 8181
5488 6575
5489 6025
5490 7579
5491 6281
5492 6550
5492 8609
5494 7332
5496 9771
5496 8985
5497 8843
5497 9517
5498 9736
5499 7707
5499 5776
5503 6203
5504 6973
5504 8189
5505 7054
5506 6026
5506 9563
5508 8654
5509 8837
5510 8716
5512 6719
5512 9516
5514 8239
5515 7742
5515 6884
5519 9767
5523 6016
5525 9070
5527 5694
5528 7672
5530 7890
5531 9329
5533 9340
5535 6392
5536 9119
5537 6098
5538 8850
5539 7413
5540 8014
5541 6854
5541 9317
5542 7107
5543 9194
5544 6125
5545 8334
5545 6075
5546 8664
5547 9286
5548 6646
5550 6043
5552 5612
5552 9089
5553 9565
5554 6759
5555 8225
5558 7254
5561 8030
5561 6741
5561 8488
5562 9336
5562 8591
5563 5685
5566 9361
5568 7548
5569 8988
5570 5924
5570 6106
5571 8434
5572 6761
5575 7928
5576 9485
5576 9009
5577 7256
5578 5759
5579 7721
5580 7410
5582 9301
5584 7763
5587 6526
5588 6561
5591 6037
5595 6825
5596 6101
5596 7625
5600 5820
5602 6649
5603 7412
5605 6498
5606 7866
5606 6277
5610 8737
5610 9545
5611 9814
5611 7533
5612 6837
5612 9657
5613 7840
5614 9445
5614 6197
5615 8273
5615 6672
5617 8858
5621 9435
5622 7941
5624 6120
5625 7359
5626 8787
5631 8688
5631 6975
5632 7292
5632 9891
5634 6064
5635 8443
5636 7356
5636 6672
5639 6210
5640 7720
5640 7244
5641 7182
5642 6504
5642 9237
5642 7434
5643 8418
5643 6565
5643 9319
5644 7211
5645 6883
5646 8705
5647 7962
5647 9965
5648 8794
5649 7848
5651 8355
5652 7728
5653 7079
5654 6343
5654 9830
5655 6355
5655 6518
5656 9667
5658 6740
5659 8990
5660 7628
5660 9315
5661 5930
5662 8520
5663 6310
5664 9441
5666 6248
5667 6937
5667 6165
5667 7645
5668 7274
5668 8306
5669 5930
5670 8800
5671 7613
5672 6041
5673 6941
5673 8362
5675 6878
5676 8026
5677 8123
5678 6682
5679 6617
5680 6483
5686 9521
5688 6842
5688 6885
5690 9125
5691 8721
5692 7579
5693 7596
5693 5770
5694 6046
5695 5768
5699 9470
5700 6801
5702 6472
5709 7008
5709 6135
5710 9449
5710 9953
5710 8044
5713 8124
5715 7015
5717 9028
5717 6821
5720 6251
5721 8520
5723 7420
5723 5891
5723 9470
5723 7216
5725 8687
5725 9619
5726 6869
5726 8729
5726 9767
5726 6389
5726 9915
5728 8069
5730 9425
5731 8287
5732 6241
5733 7651
5734 8093
5735 7952
5736 8542
5737 9192
5737 7141
5741 6531
5741 6750
5742 6543
5742 8944
5742 7010
5745 8182
5747 6588
5748 7087
5750 8944
5755 7568
5755 8912
5756 9858
5757 5842
5757 7201
5757 9225
5758 6276
5760 9315
5761 6747
5765 9478
5766 8097
5767 9325
5769 9780
5771 6677
5771 9626
5772 6313
5772 8779
5772 9381
5772 7929
5776 9847
5779 6952
5779 9867
5781 9724
5783 9748
5786 8109
5787 8631
5787 8172
5788 6346
5789 7107
5790 6709
5791 9181
5793 8867
5793 7045
5794 9439
5795 6578
5797 8852
5798 8027
5798 7757
5799 5923
5800 8148
5800 9589
5801 7677
5802 8991
5804 7756
5805 7295
5811 6385
5813 8207
5814 8049
5817 8645
5818 6614
5818 8653
5818 7098
5820 5865
5820 7473
5822 6957
5823 8003
5824 8634
5828 8690
5828 6584
5829 9656
5831 9079
5831 6881
5832 9517
5833 9432
5834 6136
5835 8741
5835 6455
5836 6066
5836 7022
5837 9061
5838 9684
5839 6070
5840 6794
5841 7858
5841 8483
5848 9616
5848 6416
5851 7369
5852 7542
5852 8350
5852 9675
5853 9559
5855 7583
5856 8543
5858 6352
5861 7943
5861 8099
5863 7920
5864 9357
5865 6254
5869 6171
5870 9093
5872 5874
5873 5936
5874 8754
5877 6709
5878 7298
5881 6185
5881 6991
5882 6896
5884 8844
5885 6453
5886 8300
5887 8066
5888 6068
5889 7607
5890 8145
5890 6308
5891 8160
5891 6743
5893 9755
5895 7380
5895 8557
5895 6849
5896 8539
5897 5938
5899 9274
5899 7712
5900 8837
5901 8531
5902 8182
5905 6260
5907 8605
5910 6816
5912 7202
5913 6093
5914 8199
5917 6741
5919 8080
5920 9528
5922 6752
5923 8083
5926 8081
5927 8090
5928 7059
5929 7895
5930 7016
5931 7997
5935 7208
5937 7972
5937 6108
5938 9887
5939 6888
5940 8293
5942 8807
5948 7521
5951 7422
5952 8903
5954 6271
5958 6685
5958 7208
5959 7593
5959 6394
5960 9782
5967 6005
5968 9288
5968 8806
5969 8752
5973 6461
5973 6259
5974 7366
5974 6469
5976 9450
5976 7178
5977 7361
5979 9869
5981 7252
5981 8841
5981 7847
5984 9169
5987 9664
5988 9406
5988 5992
5989 9525
5993 9111
5996 7323
5997 6546
5997 6200
5998 8959
5999 8564
6000 7931
6003 6032
6004 9799
6005 7141
6008 6833
6008 8352
6008 9956
6010 9969
6011 9781
6012 6131
6013 9644
6014 6383
6014 7638
6016 7338
6016 6817
6021 8036
6022 7601
6023 9567
6024 6849
6024 9970
6026 7760
6026 9974
6031 6180
6031 6783
6032 8023
6032 9014
6033 8861
6034 6580
6035 9196
6036 8342
6036 8348
6036 8517
6036 8215
6036 6982
6039 6204
6041 9220
6043 8674
6043 7250
6044 9453
6044 8772
6045 7659
6045 9849
6047 9432
6048 7171
6048 9048
6049 6673
6050 9382
6051 7487
6054 7432
6055 9781
6056 7197
6060 9814
6061 7566
6062 9945
6070 6113
6071 9217
6071 7390
6072 6509
6073 6214
6074 9778
6075 8408
6076 8549
6077 7609
6077 9896
6078 8921
6079 9118
6081 8116
6082 9505
6083 8595
6084 7167
6084 9740
6085 6627
6085 8795
6086 8044
6086 7690
6087 6796
6088 8045
6089 8973
6090 6834
6091 8265
6093 8580
6094 7402
6095 9735
6096 6129
6098 9733
6098 6988
6099 7552
6099 9008
6100 7708
6101 8422
6102 8700
6103 8038
6103 9229
6103 7677
6105 7342
6105 9479
6107 7731
6109 8225
6109 6809
6112 6363
6113 7264
6113 8024
6113 7462
6114 7247
6116 8098
6119 9716
6120 9894
6121 8331
6123 7125
6124 6553
6125 9382
6126 7516
6126 8694
6128 8934
6132 6460
6132 7516
6133 9151
6134 9562
6136 7150
6137 7985
6138 7147
6139 8432
6139 8523
6139 7645
6141 8859
6144 9584
6145 6982
6148 6269
6148 9801
6151 6575
6153 8922
6153 7831
6154 7144
6154 8890
6155 9239
6155 9779
6156 6295
6157 7333
6158 6647
6160 7941
6161 8497
6165 8048
6165 6395
6168 7627
6169 8449
6170 8250
6171 8471
6171 6485
6174 8590
6177 8686
6178 6274
6181 8758
6182 6402
6187 9336
6188 7150
6189 8002
6189 7606
6190 7239
6191 6619
6192 6488
6192 9305
6193 7425
6196 9583
6196 6556
6197 8554
6200 9032
6202 7043
6203 9717
6205 6313
6206 9819
6207 6337
6207 7088
6207 6432
6208 9258
6214 7176
6214 7128
6215 7103
6215 7505
6215 7331
6217 7129
6218 9247
6219 8996
6219 8753
6220 6556
6221 9723
6222 7733
6222 8962
6222 9092
6227 8549
6228 8937
6229 9443
6231 7673
6231 8728
6234 7094
6235 6559
6237 8654
6239 6555
6239 9776
6246 7599
6246 6783
6248 7023
6249 8836
6250 6921
6250 7466
6250 9142
6252 6739
6255 7366
6258 9402
6260 8628
6261 6891
6261 8568
6262 8156
6263 7726
6264 8258
6265 8288
6267 6999
6268 8419
6270 8823
6271 7002
6273 9025
6274 7150
6275 7448
6280 9726
6280 7261
6285 6819
6285 7270
6286 9494
6290 6700
6290 8734
6292 8611
6292 9661
6293 8261
6296 6685
6297 7605
6299 6707
6301 7437
6302 6619
6303 8717
6304 7449
6307 8631
6308 7464
6308 8250
6309 7283
6310 6444
6311 6812
6316 9304
6317 7369
6317 6802
6318 8404
6318 9134
6319 9546
6319 7413
6321 8984
6325 8470
6327 7966
6328 8412
6331 9855
6332 9950
6332 7299
6334 8849
6335 8430
6338 6782
6338 8490
6339 7548
6339 7440
6340 7392
6345 7424
6346 7910
6347 6980
6351 8094
6356 6792
6357 8936
6357 6628
6358 8718
6358 6666
6359 9459
6360 7655
6362 7072
6362 6369
6365 8075
6365 9089
6365 6609
6367 7669
6368 9979
6368 9658
6370 8451
6370 7863
6371 6677
6372 9734
6376 9582
6377 9683
6381 6421
6384 8123
6384 9010
6384 7461
6385 7588
6386 6494
6388 9334
6393 8320
6393 9058
6395 9934
6397 8559
6398 8099
6398 9845
6399 6967
6399 9874
6400 7310
6401 8643
6402 8787
6402 7016
6403 9002
6403 7795
6405 7875
6406 8325
6407 7544
6407 6980
6408 7524
6408 8917
6418 7209
6422 9221
6426 7607
6426 8674
6427 7578
6428 6904
6428 8148
6431 8093
6433 6722
6434 8882
6435 7305
6435 7724
6435 9900
6436 8797
6439 8022
6439 7959
6441 8846
6441 7826
6444 7390
6445 6463
6446 9257
6450 8914
6451 8367
6454 8806
6459 8073
6462 9405
6464 8168
6465 9520
6466 9749
6467 6925
6468 8837
6469 8446
6470 8916
6471 7087
6472 7642
6474 9126
6474 7322
6476 9202
6477 8430
6478 8130
6479 7367
6481 8646
6482 7747
6482 9634
6482 6635
6483 6897
6485 8909
6486 9535
6487 7056
6489 6756
6490 6608
6492 8315
6492 8725
6493 8836
6495 8452
6499 9964
6499 7087
6500 9416
6500 9952
6500 9968
6501 8572
6503 9208
6505 9247
6505 6749
6506 8309
6507 9853
6509 7444
6510 8759
6515 6811
6516 6705
6517 6874
6521 8847
6522 7264
6523 7059
6523 7422
6528 7945
6532 8288
6537 7855
6541 7983
6545 8388
6547 7634
6551 8938
6551 7227
6553 6951
6556 7665
6557 6595
6558 7051
6558 9429
6560 8107
6561 9965
6562 7651
6563 9987
6565 8875
6566 8275
6569 9544
6574 7789
6575 8810
6577 7055
6578 9928
6581 7389
6584 8500
6585 9129
6585 6885
6589 8858
6590 8876
6590 7778
6592 7200
6592 8542
6593 9842
6593 6830
6596 7012
6596 9998
6598 7096
6599 9292
6601 8032
6601 9479
6603 7916
6603 9220
6603 8151
6604 9280
6605 9639
6607 9083
6608 7582
6608 7921
6608 6653
6609 9498
6610 9066
6611 7053
6612 7435
6612 6701
6612 9976
6615 7444
6618 7695
6620 7272
6620 7768
6623 8424
6623 7480
6624 7525
6628 9544
6629 6766
6629 6643
6632 8556
6632 9593
6635 8558
6635 8923
6636 9114
6636 8563
6639 8085
6640 8728
6641 8473
6641 7455
6643 9618
6645 8391
6648 9125
6650 8769
6650 6824
6651 7310
6653 9050
6654 7674
6656 9539
6658 8794
6659 7336
6659 9612
6659 9135
6660 9766
6663 9085
6666 8990
6667 8426
6668 7805
6669 9802
6670 8944
6672 7451
6674 9004
6675 9552
6675 8986
6676 8920
6677 7982
6677 8762
6678 9998
6681 7991
6681 9734
6682 7968
6684 7976
6687 7725
6688 7680
6689 8940
6690 9920
6693 9637
6694 9932
6696 7243
6696 6949
6698 8040
6701 8125
6704 6946
6705 6951
6708 7329
6710 9493
6712 7746
6713 9786
6715 7381
6721 8703
6723 7881
6724 8524
6726 7833
6727 8381
6727 7161
6728 6739
6729 8457
6730 7458
6731 7879
6733 8294
6733 8364
6734 8811
6738 7499
6738 9374
6741 6776
6741 8906
6742 9085
6742 8472
6743 6888
6745 6974
6745 7993
6745 9313
6751 9750
6754 9859
6755 7507
6755 7787
6757 9854
6760 9108
6764 7641
6764 6902
6765 9989
6768 9393
6768 9008
6769 7161
6770 7489
6773 7040
6773 9321
6776 8202
6776 9380
6777 9199
6778 9272
6779 7831
6780 9997
6781 7145
6785 8369
6785 9449
6786 8786
6788 8465
6788 9604
6793 8283
6793 6928
6795 8326
6801 7537
6802 7278
6803 8450
6805 9981
6805 7141
6809 7571
6809 9856
6810 7630
6811 9113
6813 9812
6815 8087
6817 9071
6817 9751
6822 7040
6823 9606
6824 7640
6825 7290
6826 9038
6827 8406
6828 8566
6828 7911
6830 9982
6831 6842
6834 9379
6835 8679
6836 9176
6837 9568
6844 7527
6844 7189
6845 9009
6847 7091
6849 7452
6849 9023
6850 7248
6851 9296
6853 6998
6855 7530
6856 7155
6856 6972
6857 8018
6859 7426
6860 7937
6860 7576
6861 7812
6863 7388
6865 7959
6866 9922
6868 7804
6870 7872
6870 8410
6873 8622
6875 8444
6875 7373
6877 9170
6879 9977
6880 8548
6881 8031
6883 9377
6884 8386
6886 8284
6888 8017
6890 7713
6892 8375
6892 8466
6894 9396
6894 9498
6895 9464
6895 8740
6897 7168
6898 9339
6902 7770
6902 8147
6903 8986
6904 7664
6907 7455
6907 8319
6908 9585
6908 7148
6909 8798
6911 9826
6913 8543
6914 7268
6914 8996
6915 7833
6918 8946
6918 8358
6920 7570
6922 8216
6922 8735
6923 8231
6925 8033
6929 7393
6930 9533
6931 9716
6932 8615
6933 8936
6934 7930
6935 8231
6935 8251
6937 7781
6937 9809
6938 8268
6950 8220
6954 9502
6954 7191
6956 7777
6958 9667
6960 8861
6961 9086
6961 7949
6963 9258
6964 9546
6965 8208
6965 9720
6971 9957
6975 7038
6975 8101
6976 9151
6976 9870
6978 7878
6978 7976
6981 7898
6982 8346
6984 8111
6985 7726
6991 7561
6992 9282
6993 9024
6995 9448
6996 9083
6999 9374
7002 7101
7002 8043
7007 7151
7009 9219
7009 7378
7011 8610
7014 8589
7017 8078
7020 8750
7025 8439
7027 8590
7029 7097
7033 9026
7034 8956
7036 9830
7039 9009
7039 9346
7040 9375
7041 8794
7042 9164
7042 7551
7042 9738
7044 8177
7044 7145
7045 7161
7050 7066
7051 8584
7052 9419
7052 7590
7053 8108
7053 9311
7053 8672
7057 8695
7057 7364
7058 7348
7062 7379
7062 8475
7064 9542
7066 8973
7070 8424
7075 7756
7077 8542
7080 7929
7081 8353
7082 9458
7087 9973
7088 7092
7089 7247
7096 8467
7096 8895
7097 7311
7105 8982
7106 8991
7113 8363
7114 9475
7114 8405
7115 9635
7119 8131
7120 9879
7121 7189
7121 9759
7122 7268
7123 8872
7123 7302
7124 7421
7125 8067
7125 9950
7126 9288
7127 8451
7128 8706
7128 8747
7129 9627
7129 9619
7130 8582
7136 9431
7137 8060
7138 8804
7145 9891
7147 7177
7148 8937
7149 7693
7151 9396
7157 7820
7157 8139
7158 9925
7160 8822
7161 9834
7162 8975
7165 7555
7167 8377
7169 9849
7169 8004
7170 8079
7173 7283
7175 7279
7178 7291
7179 8949
7184 7666
7185 7269
7187 8085
7188 8855
7188 7246
7190 7502
7191 8514
7193 9302
7198 8773
7200 7485
7203 9706
7205 9655
7206 9897
7207 8011
7209 7625
7209 9752
7211 7320
7212 9720
7215 8354
7216 7239
7218 7385
7219 7934
7220 8155
7222 9431
7223 7592
7227 8979
7229 9859
7229 7258
7231 8256
7231 7872
7233 7482
7239 8040
7239 7701
7244 7932
7245 8426
7246 9002
7248 8461
7249 9123
7249 8261
7249 9436
7253 7473
7255 7517
7256 8217
7258 7767
7260 9591
7265 7385
7266 9785
7267 7619
7268 9721
7270 9520
7273 8585
7275 8820
7276 8169
7277 7645
7278 7980
7279 9227
7280 8441
7280 9893
7280 9783
7281 9042
7282 7502
7283 7648
7284 8439
7284 7898
7291 9167
7293 9159
7295 7472
7295 8753
7297 9562
7301 7344
7301 8876
7302 9266
7302 9383
7305 7686
7306 8519
7307 7739
7312 9177
7313 9080
7317 8957
7319 8900
7319 7664
7321 9378
7322 8403
7324 8030
7325 7615
7327 9358
7327 9507
7329 9979
7331 8328
7332 9779
7337 9122
7340 7620
7341 7546
7341 7936
7343 7760
7345 9593
7346 9502
7347 8147
7348 8454
7348 9534
7350 9253
7352 9232
7353 9727
7353 7571
7358 7816
7358 9272
7363 9901
7367 8712
7371 9650
7374 7748
7376 9754
7378 8366
7378 7590
7383 8431
7385 7925
7390 8431
7392 7632
7392 7890
7394 9680
7397 8763
7399 8603
7403 7986
7403 8521
7406 9668
7410 8802
7411 9489
7411 9271
7414 9281
7415 8048
7416 8863
7421 9672
7421 8100
7423 9832
7424 8923
7426 8528
7427 9385
7428 9694
7429 8162
7429 8905
7430 9210
7431 8156
7434 7694
7436 8068
7437 9840
7438 9069
7440 7879
7443 8874
7445 7450
7445 9915
7446 9253
7447 7470
7447 7636
7454 9570
7462 8248
7463 9560
7463 9061
7465 9150
7465 9524
7469 9880
7470 9551
7474 9195
7475 9970
7476 9883
7476 9924
7477 9073
7479 9567
7480 8506
7482 7741
7483 9379
7485 9463
7486 8844
7486 9081
7490 9581
7493 8115
7494 8508
7496 8164
7496 9292
7498 8110
7500 9490
7500 9682
7503 9413
7504 7968
7505 7644
7506 9221
7509 8784
7510 8676
7511 8314
7511 8241
7512 7703
7513 8861
7516 9687
7519 8786
7522 7549
7522 8196
7523 9900
7529 9156
7533 8079
7533 9187
7537 9166
7540 8654
7541 9441
7542 7683
7546 8711
7547 8385
7553 9297
7553 9186
7554 9752
7555 8826
7555 9723
7559 8414
7559 8801
7561 8011
7561 8601
7562 8948
7563 9199
7564 7622
7567 8016
7569 9112
7569 9163
7570 9693
7573 8405
7576 9867
7577 8305
7580 8187
7581 9155
7584 9141
7585 9760
7586 8411
7587 7722
7588 9344
7595 9232
7598 8288
7603 8866
7603 8534
7606 7779
7610 7726
7611 7771
7612 9547
7614 7961
7615 9291
7618 8282
7620 9541
7621 9718
7624 9047
7626 9701
7627 8812
7629 7842
7631 8052
7633 8716
7634 8867
7635 7818
7636 8008
7637 8554
7638 8405
7639 7948
7644 8521
7650 7951
7650 9695
7652 8531
7655 9577
7657 8973
7658 7736
7660 7880
7661 9861
7661 9538
7666 8747
7666 9818
7677 8028
7678 8276
7678 9589
7679 9049
7679 8889
7682 7901
7687 9332
7692 8794
7697 9540
7697 8341
7697 9876
7698 8383
7701 9308
7703 7932
7706 9963
7707 9549
7708 8080
7709 8712
7712 9157
7714 9854
7715 7843
7716 8924
7718 8356
7719 8390
7722 9391
7724 8486
7729 8632
7739 9099
7750 8934
7752 9550
7753 9457
7755 8948
7756 7987
7756 8158
7759 9536
7760 9566
7766 9068
7770 9467
7772 8668
7774 7944
7775 9618
7782 8869
7783 7904
7787 9677
7790 8870
7793 8993
7796 9046
7798 8512
7800 8713
7800 9482
7800 8327
7801 9161
7801 8500
7802 7819
7802 9423
7808 9829
7809 9756
7809 9031
7810 9513
7811 9414
7812 9409
7813 9576
7815 9191
7818 8827
7826 8516
7826 9210
7827 9775
7829 9357
7834 9824
7835 9500
7838 9091
7840 7861
7840 9555
7841 8186
7845 9003
7846 9478
7847 9891
7848 7860
7850 9030
7850 9465
7850 9648
7851 8222
7851 9209
7851 9686
7855 8465
7856 9099
7858 9197
7862 7907
7868 8384
7869 9527
7874 9578
7874 8334
7875 9080
7879 8121
7881 8337
7882 8669
7882 8850
7884 9922
7888 9393
7893 9575
7900 9101
7900 8742
7902 9299
7906 8359
7911 9097
7911 9480
7913 9972
7917 8984
7924 8113
7924 8712
7925 8829
7926 9607
7927 8750
7928 9324
7928 9395
7940 9673
7940 9535
7942 9338
7947 7950
7947 8620
7947 8673
7949 9642
7951 9176
7952 8614
7954 8439
7957 9895
7957 8346
7959 9560
7960 8361
7967 8421
7967 8539
7971 9096
7975 8308
7977 8390
7978 9692
7978 9178
7985 9138
7986 9700
7988 9349
7990 8544
7992 9418
7994 8373
7995 9121
7997 8291
8000 9496
8001 9958
8008 8854
8014 8607
8014 9804
8019 8353
8020 9647
8021 9875
8022 9532
8025 9225
8027 9858
8029 9255
8032 9525
8039 9371
8047 9699
8047 9935
8049 8311
8050 9391
8050 8225
8055 8163
8056 9877
8056 9646
8063 9018
8066 9339
8074 8310
8074 9961
8079 9558
8079 9811
8084 8146
8087 8864
8090 9522
8091 9016
8091 9892
8092 8595
8096 9921
8098 8783
8098 9739
8101 9189
8103 8350
8106 9484
8106 8385
8110 8467
8111 9801
8113 9438
8114 8209
8114 8211
8114 8527
8120 9433
8122 9193
8124 9987
8126 8446
8127 9246
8127 9350
8128 8265
8129 8150
8130 8189
8131 9179
8132 8642
8132 8293
8132 8653
8134 8240
8134 9565
8135 8274
8136 9014
8136 8325
8137 9651
8137 8948
8139 8592
8141 8945
8141 9483
8145 8269
8149 8923
8161 8217
8163 8524
8163 8669
8168 8748
8170 9083
8172 9386
8176 8670
8177 8931
8178 9428
8180 9130
8180 9582
8182 8925
8184 9854
8185 9556
8186 8751
8190 9590
8193 9621
8199 8504
8200 9070
8203 9133
8203 8949
8210 9925
8215 9276
8221 8766
8226 8894
8226 8376
8228 9553
8235 8736
8236 8519
8237 9722
8247 9272
8250 8587
8254 9400
8255 9976
8257 8445
8262 9795
8263 8907
8264 9426
8268 9663
8277 9731
8280 9728
8282 8582
8289 8387
8289 8738
8292 9631
8295 9221
8296 8326
8297 9990
8297 8341
8299 8936
8300 9503
8300 8772
8303 8634
8304 8773
8308 8672
8308 9611
8312 8636
8312 8357
8316 8336
8332 9873
8336 9949
8340 9639
8343 9836
8344 9760
8352 9762
8358 9312
8366 9821
8367 9383
8368 9172
8370 9250
8373 9208
8375 8395
8376 8626
8383 8542
8385 9914
8385 9872
8387 8831
8389 8609
8398 9546
8408 9452
8411 9343
8412 9030
8416 8893
8419 9372
8426 8548
8428 8896
8436 9492
8450 8750
8456 9441
8458 9076
8462 9924
8466 9825
8470 8790
8474 9875
8475 9642
8479 8492
8483 9956
8484 8561
8491 8870
8494 9055
8494 8538
8498 9847
8500 8573
8502 9596
8503 9864
8507 9165
8510 9653
8510 9679
8511 9945
8515 9646
8520 8708
8521 9351
8525 9263
8531 9587
8532 9042
8539 9864
8543 9433
8544 8826
8549 8999
8550 9386
8551 9466
8559 8953
8562 9885
8565 8928
8574 8586
8579 9546
8583 8638
8589 9048
8591 9913
8593 8597
8600 9206
8604 9107
8607 9473
8617 9915
8618 9746
8618 9796
8628 8921
8628 9781
8629 9349
8630 8963
8633 8913
8637 9151
8649 9769
8655 8658
8656 9891
8657 9786
8659 8684
8660 9590
8662 9858
8666 9035
8671 9588
8671 9031
8681 9146
8682 9187
8689 8941
8692 9764
8693 8849
8695 8997
8697 9926
8698 8809
8698 8888
8703 9629
8707 9966
8709 8954
8709 8956
8710 8768
8712 9309
8722 8977
8727 9270
8730 9043
8733 8800
8734 9137
8734 9233
8736 9191
8740 9852
8741 8913
8742 9135
8743 8905
8744 8765
8749 8795
8752 8927
8759 9062
8761 8973
8778 8926
8780 9142
8780 9268
8785 9777
8785 9503
8807 9219
8813 9410
8815 8854
8827 9203
8834 8930
8842 9858
8845 9089
8847 9527
8851 9738
8856 9029
8857 9948
8871 9562
8873 8956
8874 9364
8876 8947
8877 9154
8899 9738
8904 9305
8914 9294
8915 9032
8919 9730
8937 9765
8942 9813
8943 9063
8949 9904
8950 9550
8966 8982
8968 9750
8970 9047
8977 9052
8980 9100
8987 9781
8989 9094
8991 9112
9001 9621
9005 9327
9007 9310
9008 9471
9013 9451
9015 9812
9016 9322
9022 9868
9033 9669
9038 9126
9039 9316
9048 9863
9056 9111
9082 9106
9084 9423
9095 9855
9102 9620
9106 9180
9110 9348
9112 9969
9117 9359
9119 9920
9131 9237
9132 9737
9170 9557
9182 9523
9186 9316
9186 9774
9194 9440
9195 9259
9205 9996
9211 9396
9212 9269
9212 9224
9212 9486
9213 9773
9218 9674
9223 9303
9226 9597
9226 9590
9238 9996
9240 9757
9241 9619
9242 9758
9243 9940
9250 9514
9252 9915
9257 9434
9260 9540
9272 9327
9274 9844
9275 9410
9281 9900
9282 9924
9286 9579
9287 9906
9306 9670
9309 9468
9316 9691
9340 9710
9340 9758
9341 9436
9344 9930
9345 9825
9347 9966
9348 9717
9356 9457
9362 9715
9366 9885
9385 9635
9385 9579
9397 9862
9397 9916
9408 9527
9416 9553
9435 9919
9438 9513
9438 9744
9440 9528
9444 9865
9454 9935
9457 9773
9461 9724
9469 9529
9472 9978
9497 9764
9518 9605
9534 9602
9535 9831
9537 9984
9539 9797
9555 9894
9600 9656
9601 9674
9613 9770
9629 9871
9644 9825
9662 9711
9682 9872
9689 9744
9696 9964
9742 9823
9792 9921
9812 9922
9868 9974
9869 9979
9919 9939
9626
8857
993
2329
4235
7911
8925
9220
4507
3168
1241
4523
1898
8357
1637
1193
7095
2878
7731
9433
4673
6162
3547
8567
8426
690
1916
5073
9917
1857
1303
5046
3681
4324
1287
5706
2745
7944
9789
2410
8214
4975
5652
8410
9580
3190
9794
8304
7520
410
6547
8411
8609
1606
8104
8436
6574
921
2608
1756
8963
3384
7779
4276
1876
5716
4688
540
6378
6275
1862
5804
744
7560
8660
2165
5135
4811
514
3781
3340
8741
6127
2861
7311
8212
5113
4407
5819
3422
9855
1769
2484
147
5983
7314
6255
8146
2977
2957
