
6361
2
4
5
2695
18
3122
9
9376
9671
5126
13
9017
4773
1550
2705
3965
4178
21
5972
1261
26
3607
29
30
34
7259
5040
37
5165
39
41
975
1051
1422
45
47
1901
3514
52
1379
2231
3835
4796
7873
3657
2477
4029
4905
9289
69
6279
71
72
74
75
752
5703
80
81
82
8212
84
85
1107
5502
2445
5485
95
98
99
100
432
102
104
105
1934
6917
9784
110
111
112
114
8739
2072
4329
2458
119
120
2174
3356
9403
124
3392
126
129
130
6475
133
7532
138
5711
6329
2900
9931
3412
145
148
6149
4628
2053
154
7685
156
772
160
964
6602
164
165
166
167
169
170
173
1084
7108
2643
178
3054
3350
8401
8335
4065
1284
3602
9248
187
189
5739
8407
9954
1834
3964
196
197
198
2195
9805
814
201
1324
222
7300
6583
211
213
914
7727
216
2750
4239
2887
4640
220
3100
8307
6195
224
225
1397
230
3377
4376
234
2767
237
9293
471
244
2484
1576
247
248
9788
253
254
256
1919
258
9437
6876
261
5202
263
264
267
268
269
6864
274
275
276
3648
2927
282
284
6622
286
287
2606
3687
290
9761
6838
297
8623
302
329
304
3531
9488
307
308
309
314
6425
1307
317
320
321
322
324
5934
330
6631
546
3535
5089
7153
334
335
337
338
339
3095
3916
342
344
346
3389
8378
352
9959
2763
2966
355
356
360
9807
5024
365
366
8154
369
370
7535
7922
5354
374
5507
7886
6409
377
5862
7335
379
7602
6429
384
385
6179
6616
387
388
1641
390
6990
392
396
397
2647
2850
7093
9580
4504
9342
403
5749
405
407
8042
411
3426
5807
415
5792
6336
418
419
420
7919
9298
425
3903
7228
8489
435
436
3152
439
440
441
1710
2276
444
445
6568
7135
447
9800
453
454
455
5687
938
8526
460
461
6686
7287
9251
464
6591
3853
470
472
473
474
8396
2073
478
6832
480
481
485
486
491
5883
495
7758
1935
961
8624
694
500
501
504
524
5219
1613
509
510
515
516
518
519
520
521
622
642
526
846
2765
9967
2897
531
532
7019
8453
631
927
2117
1042
540
541
4760
544
545
6411
548
5259
5683
551
7172
594
5696
8547
556
557
6552
559
1730
7914
8683
565
7117
8041
8301
572
8365
574
579
1394
6344
8270
581
582
9249
587
588
590
9278
593
8437
597
6692
602
5775
604
606
607
5752
611
612
8347
614
9044
1915
9477
619
3795
623
624
5230
627
5729
630
6118
7557
4015
635
8054
9390
9373
640
645
9828
5719
2365
821
654
2209
9183
7314
659
660
662
4610
5224
665
666
9495
4170
7938
4388
3004
8281
674
1173
676
677
678
2593
681
682
683
684
6272
686
5599
7923
691
2846
9615
4549
696
8522
699
700
8157
702
4071
706
4407
4042
2613
711
713
7738
717
718
719
720
722
5808
4669
726
3192
5722
6893
729
730
3366
2454
3260
3545
742
745
1370
3221
8667
756
8245
9907
3307
762
763
764
2018
766
767
768
8399
8138
774
4013
776
777
8133
2134
9659
781
5777
786
2522
790
6213
794
796
797
4938
5784
802
803
805
8077
6939
810
811
1973
3723
4486
2412
6147
823
1140
8338
826
827
9933
6152
1578
835
6638
839
3346
842
957
848
6063
851
7560
855
857
858
2817
861
862
864
866
868
870
4573
872
6224
874
875
876
8064
3351
880
882
883
4798
2773
5978
889
2294
8756
1466
7501
896
2356
900
901
8955
903
9037
7732
4379
2928
2010
910
911
913
915
916
917
918
920
921
922
4326
7792
1481
9173
7608
928
5607
930
4093
933
9104
1779
937
4642
1532
942
8072
5551
5038
8868
952
1409
2203
8883
7556
3459
9103
959
960
5556
1846
2295
3799
3673
4984
971
972
973
977
978
979
980
982
983
984
987
988
7915
8969
991
992
3594
5479
6735
4375
998
1521
1269
9641
1282
8625
1007
4274
9230
1010
1012
1013
1014
6900
7723
9318
6799
7083
1022
1023
3028
5638
1028
6127
1031
3663
3913
6373
1045
1046
1047
1048
1050
1053
1054
1055
1056
1058
1059
1836
1064
1066
1067
1068
3327
2181
8972
1073
9153
1075
6519
1080
1081
1083
8037
1086
8010
5513
1091
1092
1165
1095
8704
1097
1099
1100
5458
1103
1104
1105
7018
2912
6746
9944
1110
1114
9622
6456
9603
1117
1257
3661
1120
7289
1122
1124
1126
7572
1129
2274
1132
7883
9333
9793
1137
5356
3801
1629
1143
4283
1147
2930
3900
8663
5592
1341
9353
8339
1155
1158
1159
1160
4118
9143
1163
1166
2646
2340
1171
1825
1174
7304
1177
6382
1179
3728
1185
8272
5586
1190
2433
4148
4685
1193
1194
1195
1196
7594
1199
1201
7316
1204
1205
3566
6625
6979
1210
1212
2836
9810
1217
1219
6216
6278
1226
3750
9909
1228
2768
3068
5096
6511
5744
1235
1238
1241
1243
1244
5963
1246
8227
1249
1251
2025
3847
1255
1256
1259
3995
9168
7534
7538
1270
1272
1273
1562
5520
1285
1287
1289
1290
4076
1297
1299
1300
1301
9971
1305
1306
1311
1312
1314
4333
7000
1321
6862
1326
5269
1332
5573
4734
9837
2027
9713
1338
3010
3637
4869
1342
2577
6695
9822
1349
1350
1351
1353
4443
1355
1356
1357
1358
1360
1361
9890
1363
7891
1365
2872
1367
5970
1372
7933
1375
3066
7867
1381
1383
8898
1385
3342
5943
1388
1391
1393
9902
1396
3188
1399
5273
1404
1408
5827
3462
1412
2242
4293
1416
1418
1420
1421
7028
1428
3700
1431
1432
8731
1462
1439
1440
1442
1444
1445
1446
7003
7859
9917
1451
4921
4756
3225
2098
3759