10000 9999 50 3
0 5305
1 923
1 3796
2 2049
2 3906
2 9437
2 4917
3 465
3 9286
4 2471
5 148
5 2872
6 2704
6 9557
6 1538
7 6468
8 791
9 7730
9 4243
10 6002
10 8883
11 1186
12 8779
13 3290
13 9347
14 1542
15 5925
15 6955
15 3278
15 2673
15 6507
16 3753
16 888
17 1349
17 5494
18 2125
18 171
19 7243
19 3902
20 5991
21 3574
21 1649
21 5640
22 2083
22 2058
23 9548
24 7678
24 6605
25 950
26 8313
27 4555
27 5267
28 1755
28 5385
28 8791
28 7251
29 3141
29 9049
29 4367
30 3517
31 658
31 4888
31 7165
31 9914
31 8503
32 614
33 1408
34 7104
35 3481
35 1702
35 6441
35 5270
36 6851
37 6252
37 1181
38 4344
38 7096
39 1144
40 7924
40 4259
41 3943
42 3170
42 6869
42 6440
42 4854
43 1486
44 4037
44 4607
45 175
45 6196
45 9613
45 7775
46 1095
46 9934
46 3822
47 2310
47 9885
47 1513
48 9028
49 6955
50 7776
50 9401
51 968
52 9264
53 5928
53 7122
54 1515
54 7486
55 2028
56 3578
56 7499
57 2952
57 8019
58 1725
58 9126
58 9172
58 2163
59 1321
59 3620
59 2506
60 6586
60 2653
61 2432
61 9757
62 3657
63 9551
64 834
64 5592
64 6806
64 4078
64 8842
64 2380
65 3307
65 4089
66 1013
67 386
67 2386
68 6226
68 7260
69 7238
69 8589
70 1693
70 8936
70 9500
71 3583
71 7000
71 1429
72 9455
73 2634
73 4993
73 4922
74 9593
75 2566
75 8197
76 4990
76 4552
76 3802
77 8502
77 2124
77 2197
78 4414
78 9301
78 7087
79 6499
80 3747
80 6427
81 1368
81 7405
81 7868
82 6619
82 3083
83 812
84 3622
85 2858
85 1922
85 9910
85 2443
86 6931
86 3917
87 763
88 9120
89 2181
90 3842
90 9354
90 965
91 8435
91 5930
92 8772
92 5573
93 4744
94 4749
94 3878
94 3963
95 6867
96 2787
96 6019
96 2455
96 9972
96 2972
97 2363
98 5150
98 7189
98 3049
99 7677
99 1766
100 5157
100 3126
100 9931
100 8883
101 1777
101 760
102 5386
102 9535
103 2684
103 5017
103 5019
104 3302
104 3402
104 434
105 8835
105 682
106 8858
107 1929
108 4165
108 2627
109 9650
109 1496
110 2196
110 5422
110 8184
111 9353
112 5054
113 3146
113 1291
114 9179
115 2244
115 4322
115 2030
116 8521
116 3317
117 2961
118 6542
118 9646
118 5428
118 8018
119 1688
120 7971
120 3988
121 9528
122 5883
122 1943
123 8240
123 828
124 9358
125 3056
125 6503
125 9173
126 3078
127 6101
128 9643
128 6896
129 1596
130 8674
130 1344
131 8974
132 1028
133 9246
134 976
135 3661
135 1875
136 6112
136 5886
137 3374
138 8133
139 5148
139 8733
140 8711
141 7005
142 2460
142 3462
142 9122
143 5146
144 6217
144 9051
144 8440
145 9455
145 217
146 2438
146 5532
147 7628
148 4143
148 7610
149 7960
149 1409
150 9593
151 7424
152 4415
152 9591
152 5292
153 4594
153 6307
154 6827
154 2185
155 7140
155 211
155 7700
155 2308
156 5924
157 5375
157 7289
158 4911
159 4070
160 8188
160 168
160 1266
161 6889
161 3434
162 2945
163 1359
163 9425
164 4947
164 1076
165 3999
166 1341
167 8519
167 9812
168 2197
169 9411
170 5490
170 5632
170 4166
171 8806
172 4919
173 4377
173 5336
174 3890
174 3692
174 3881
175 5461
175 5587
176 2995
176 5201
177 746
177 8746
177 2347
178 8293
178 8432
179 8604
180 8111
181 6214
181 6091
182 5627
183 2638
183 5129
184 7353
185 4717
186 2717
186 523
186 992
187 4170
187 6728
188 3209
188 4074
188 3436
189 1183
189 5149
189 5970
190 6388
190 4188
191 9977
192 1768
192 7739
192 6603
192 7915
193 8707
193 3720
194 5280
194 8082
194 3504
195 1199
196 8830
196 4519
197 369
197 5499
197 439
198 6468
198 7135
199 1934
200 8387
201 6850
202 3267
202 4740
202 5906
203 2702
204 1583
204 1017
204 9483
205 5170
205 7755
205 2463
206 3798
206 4788
206 2706
206 3721
206 6726
207 7640
207 7218
208 5604
209 2490
210 7955
210 1820
211 5225
212 8011
213 7899
213 8810
214 2961
214 9389
215 4091
215 2264
215 4176
215 2892
215 6711
216 6909
217 4241
218 1007
218 1231
219 1648
219 4405
219 521
219 3944
220 642
221 1271
222 6640
222 4619
222 6421
222 6875
223 5188
223 4708
223 7664
223 890
224 9143
225 4899
225 9987
226 6420
226 8920
226 7398
227 9388
228 4743
228 2421
229 5140
230 5572
231 3198
231 1101
231 7745
231 3195
232 2951
232 9192
233 752
233 1286
233 1158
234 5737
235 9738
236 8137
237 9501
238 8158
238 1203
239 7474
240 1126
241 992
241 1305
242 4847
242 4396
243 2129
243 846
244 1533
245 4073
245 5830
245 6621
245 8492
245 9756
246 4422
247 7448
247 8906
247 951
248 683
248 925
248 8653
249 3360
249 6904
249 9142
249 1302
250 7767
251 1236
251 3299
251 9261
251 2479
252 5601
252 6756
252 5950
252 3739
253 4526
253 4962
253 7162
253 8698
253 7958
254 2486
254 6995
255 1064
256 3717
256 9796
257 994
258 375
258 382
258 9490
258 2071
258 8630
259 8196
259 6772
260 5072
261 9469
262 4880
262 7243
263 1477
263 3951
263 6060
264 9939
264 3206
265 7301
266 9877
266 6016
267 7562
267 1812
268 4662
269 6320
270 7889
270 7186
271 2252
271 5836
271 7396
272 4835
272 9188
272 6819
273 1624
273 3264
274 4269
274 6003
274 4469
275 1153
275 1451
276 5685
277 7218
277 5297
278 369
279 7564
280 8277
280 6369
281 5823
282 2753
283 1918
284 8088
285 965
286 1635
286 1705
286 4745
287 3003
287 9033
288 8477
288 2636
289 4283
289 9820
290 3575
291 4425
291 4142
291 7341
291 7682
291 8479
292 505
292 9942
292 436
293 4709
294 5959
294 8527
294 9861
295 5716
295 1107
296 1056
296 6297
297 1232
297 4103
298 2776
298 7666
298 7845
299 2119
300 4056
301 4206
301 7514
301 9165
302 1238
302 1411
302 5209
303 2692
303 5242
303 987
304 6649
304 6073
304 8648
305 6519
306 830
306 7211
307 6405
308 831
308 8707
309 6676
309 8818
310 9800
310 1815
311 8134
312 1320
313 9932
313 8277
314 2725
315 7359
316 8511
316 9488
316 6151
317 6580
318 5049
318 1415
318 8343
319 1045
319 5537
320 5662
320 895
321 9002
322 3884
322 6706
323 4552
324 8543
324 7671
324 4709
325 2243
326 1718
326 791
327 5633
327 2146
327 2637
328 6593
328 3576
329 1970
329 6763
330 6996
330 7675
331 4182
331 2463
331 8316
332 7053
333 9253
333 3969
333 1996
334 4369
334 7056
335 9014
336 467
336 3712
336 4075
337 4677
337 1541
338 2201
338 3990
339 4561
340 6780
340 4297
341 5163
341 4134
341 3438
342 3516
342 8109
342 5582
343 1860
343 7996
344 9564
344 9611
345 9170
345 8652
346 6804
347 4127
347 3163
348 6409
348 9525
349 5878
350 750
350 9512
350 4614
351 6233
352 3780
353 1307
353 965
354 2472
355 1359
356 2159
356 4797
356 5294
356 6181
356 1240
357 2032
357 639
357 6369
357 2689
358 4854
358 6257
359 2887
360 2478
361 5967
361 446
362 3824
362 2323
363 3800
364 3822
365 3167
365 9047
365 5759
366 9198
366 6861
367 5698
367 5619
367 1571
368 1388
368 1182
368 1979
370 5586
370 5566
371 6838
371 5912
372 7945
373 9652
374 729
374 2691
375 4853
376 6767
376 9315
377 7192
377 9846
378 537
378 6587
378 8033
378 3694
379 2880
379 9657
380 2987
381 4304
382 2949
382 5893
382 9343
383 8272
383 5591
383 6575
384 4619
385 3748
385 3620
387 2261
387 7083
387 2146
388 6864
389 8758
390 6049
391 5606
391 5061
392 8512
392 1871
393 9991
394 3416
394 3069
395 9278
396 5220
397 1070
397 3940
397 9724
398 2056
399 8445
400 4875
400 8294
400 7914
400 2868
401 9876
401 4838
402 1786
402 7094
402 2123
403 1391
403 8889
404 884
405 6424
405 9976
405 427
406 1721
406 2606
407 9604
407 1897
408 7481
409 9669
409 4499
410 8324
410 2706
411 9163
412 3636
412 2081
412 4898
412 6040
413 3242
413 5869
413 8931
413 3072
414 4573
414 6127
414 6476
415 6428
416 4828
416 4441
417 480
417 1152
418 425
418 8980
418 8764
418 1229
419 5462
419 7113
419 1766
420 5035
420 9833
420 9866
421 6641
421 9768
421 9061
422 7667
422 6892
423 2231
423 1087
424 8200
424 7702
425 5359
426 9348
426 2157
427 4913
428 6521
429 6536
430 6457
431 1696
432 7889
433 6755
433 1766
434 7163
435 7941
435 5848
436 1539
437 6560
438 2227
438 5295
439 1536
440 3433
440 9069
440 1102
441 1019
442 9901
442 8617
443 547
443 6624
443 9491
443 2475
444 3122
445 1103
446 892
447 9887
447 9812
448 3420
449 7219
450 1370
450 9287
450 8084
451 725
451 5290
451 3477
452 7959
452 8305
452 8001
453 2271
453 4212
453 4061
453 4180
454 2659
455 4744
455 770
456 902
456 6285
456 3094
457 474
457 1473
457 2400
457 9552
458 767
458 4126
459 1801
460 5571
461 9842
462 861
463 1677
464 7860
464 8104
464 5315
466 2478
467 4201
468 8791
469 5142
469 5207
470 3447
470 5824
470 9300
471 954
471 6170
472 1662
473 5957
474 617
475 1835
475 1747
475 6738
475 5747
476 4463
476 8356
476 8725
477 9273
477 7052
478 4509
478 6725
479 2151
479 6747
481 7917
481 8246
481 7742
482 3407
483 5602
483 3221
484 5867
484 6006
485 6164
486 1181
486 9107
487 9425
487 9653
488 2433
489 4132
490 5691
491 9867
492 5048
492 6238
492 3669
493 5966
494 7768
495 8578
495 3239
496 2386
496 6730
497 4671
497 5651
498 7180
498 6944
499 7854
499 3653
500 2012
501 8090
501 2212
502 8177
502 2852
502 6412
502 6118
503 6779
503 4127
504 1889
505 3451
505 7414
506 7465
506 935
506 4003
506 2698
507 3543
507 5087
507 3969
508 7996
509 9651
509 6502
510 1394
510 685
511 3549
511 7150
512 7634
513 7870
514 7927
515 2731
515 9978
515 4957
516 5109
517 1407
518 6437
518 6681
518 4608
518 7606
519 2361
520 5272
520 6667
521 9208
521 9402
521 3546
522 2293
522 839
522 4719
523 4453
524 6198
524 8376
525 9919
525 2266
525 8370
526 1674
527 8297
527 8800
528 2037
528 6670
528 7837
528 648
529 5613
530 7360
530 9220
530 7167
531 4337
532 7805
532 9519
533 7580
533 4786
534 7841
535 2645
536 8459
538 5653
538 4368
539 3426
539 6841
539 7319
539 5367
540 3362
541 8654
542 5926
543 1323
543 9698
544 8296
544 8850
544 2198
545 2401
546 8899
548 7790
548 6241
549 8916
549 7202
550 1541
550 4045
550 3228
551 1422
551 811
552 7395
552 648
553 3142
553 3631
554 2509
554 1834
554 1339
554 7280
555 3683
555 3797
555 4221
555 5612
555 7338
556 8652
557 4883
558 2178
558 6504
558 9185
559 6403
559 3972
560 9687
560 6603
561 4356
561 1603
561 8451
562 1491
563 5179
563 1340
563 3529
564 1337
564 3489
564 1433
565 4278
566 8493
567 2970
567 1516
568 6008
569 2736
570 835
570 7975
570 5961
571 2401
571 8712
571 7561
572 5742
572 1204
572 927
573 5827
574 2076
574 3087
575 7518
575 7632
575 4914
576 3650
577 9631
577 2583
578 5301
578 4481
579 1717
579 5139
580 6438
580 1222
581 8725
582 8873
583 8236
584 8459
584 8961
584 8091
585 5401
586 5182
586 9982
586 6275
587 3654
588 7393
588 8317
588 4672
589 5478
589 2340
590 4791
590 2571
591 3197
592 3922
593 5116
593 6482
594 6564
595 3714
596 1987
596 9365
597 3275
598 948
598 4899
599 8017
599 9900
599 8541
600 4978
600 5746
600 7628
600 1336
601 5431
601 2835
602 3373
602 9973
602 1866
603 3067
603 3259
604 6012
604 1444
604 9665
605 1234
605 4339
605 6907
606 2632
606 1676
607 8480
608 1821
608 7311
608 8185
609 8073
610 5825
611 9592
611 9127
611 6886
612 2179
612 9134
613 2702
613 9178
613 2112
614 644
614 5358
615 2087
615 4977
616 3913
616 9896
618 7510
618 8148
619 4577
620 4161
620 6846
620 9136
620 6830
620 4634
621 6180
621 8514
622 7737
623 8010
623 7643
624 2915
624 1742
624 4942
624 1673
624 5460
625 4246
626 2714
626 9820
627 8004
627 9414
627 9338
628 3172
629 9914
630 5640
631 7327
632 2820
632 4192
633 5726
634 5974
635 3327
635 7331
635 5764
636 1319
637 3612
638 1673
639 8901
640 3716
641 7701
642 5890
642 7054
642 659
643 3222
644 8643
645 4384
645 5192
645 4710
646 4336
646 6269
646 4203
647 2080
647 5689
647 5684
648 1090
648 8812
649 9115
649 5494
650 5533
651 3348
652 7907
653 3161
653 8140
654 1469
654 7200
655 5880
655 9970
656 4300
656 6574
656 1597
657 9998
659 766
659 8665
660 7855
661 2649
661 4811
662 3591
662 8876
662 9509
663 5636
664 4902
664 7147
664 4816
665 1389
666 2394
666 2994
666 2134
667 2993
667 5485
667 9743
668 1964
669 8509
669 9711
670 6365
671 3265
672 5067
672 5551
673 2912
673 8654
673 4437
674 5630
674 1401
675 6157
675 7487
675 3520
676 7832
677 7746
677 8019
677 2513
678 5336
678 7434
679 2924
680 3544
680 6154
681 9094
681 3642
682 1385
682 3453
682 4535
682 1217
683 2894
683 6364
684 6015
684 7295
684 8308
684 6024
685 2180
686 7109
687 9831
687 2352
687 4450
688 8008
688 3505
689 7429
689 8303
690 5447
691 882
691 6577
691 9478
691 7355
692 4561
692 9576
692 6638
693 5580
693 9180
693 5793
694 1421
695 2748
695 5637
696 9725
696 5628
697 1257
697 3589
697 7461
698 3461
698 1111
699 6485
700 7588
701 6576
702 1391
703 4691
703 9586
704 2602
705 4701
705 8118
705 7324
706 6874
706 7079
706 967
707 1192
707 6909
707 3218
708 2911
708 7597
708 9230
708 2148
709 9981
709 9031
709 6329
710 8860
710 3835
710 1390
711 3382
711 988
712 2853
712 6396
712 9892
713 8067
713 1862
714 2424
714 3038
714 8713
715 3101
715 6464
715 3463
716 7547
716 7679
716 6508
717 1459
717 8404
718 2036
718 8659
718 9927
719 5667
719 7076
719 7250
720 3230
720 3651
720 5156
720 2491
721 2785
722 2081
723 2316
723 2404
723 5649
724 7910
724 3597
724 9112
726 2476
727 9679
728 7624
729 9382
730 4035
730 8081
731 2394
732 9762
733 7771
734 8825
734 5687
734 4659
735 5741
736 2554
737 8989
738 8983
739 9619
739 3074
739 5630
740 5076
740 9164
740 2253
740 9009
741 1312
741 7527
742 8084
742 2017
743 6488
743 2389
744 6633
744 9111
744 8155
745 2146
746 3166
746 1176
747 8490
747 6489
747 3671
748 2959
748 2353
749 9608
749 9922
751 4205
751 5414
753 7444
753 5001
754 1683
755 8627
756 6815
756 9983
756 3540
757 2281
758 7107
759 8973
759 2373
760 8946
760 2442
761 3191
762 7897
762 2841
763 3457
764 1111
764 7661
764 6426
765 1565
765 3248
766 5178
768 5124
768 9110
768 5448
769 3486
770 4225
771 2031
771 6851
772 4799
773 6363
773 6100
774 8211
775 5934
775 4005
776 5343
776 8207
777 5463
777 4203
778 3940
779 2430
779 4406
780 9608
781 3576
781 3855
781 5300
782 3158
782 5494
782 1678
783 5341
784 6910
784 6686
785 4249
786 8664
786 8974
787 5254
787 7019
788 3556
788 2416
788 9188
789 8918
790 1791
790 4597
791 2895
791 7680
791 8722
792 6865
793 3526
793 5981
793 6971
794 3297
794 7830
795 3089
795 2099
795 3177
795 3803
796 6610
796 1299
797 7643
797 6586
798 7967
798 1434
799 2147
800 997
801 3642
801 7415
802 1872
802 7263
802 2244
803 5796
804 4808
804 3458
804 9170
805 7506
806 4367
806 6988
807 2359
807 7757
808 6016
808 9532
809 9557
810 1320
810 6731
811 6648
812 2923
812 1302
813 8466
814 4310
814 6528
815 6891
816 2070
816 2687
817 8219
818 2142
819 8713
820 7183
820 4915
820 2265
820 9605
821 3070
821 5994
822 7555
822 6422
823 2487
824 1499
824 3261
824 9742
824 4098
825 1207
825 1953
825 3105
826 8577
827 9429
827 3234
828 6164
828 9351
828 2616
829 8364
831 1507
832 3000
833 9970
835 4705
836 5155
836 1719
837 2454
838 6884
838 7240
838 5148
839 8535
839 1540
840 2823
841 2763
841 2479
841 4684
842 2319
843 7757
844 4674
844 5200
845 1793
845 1553
845 7136
846 9036
847 3902
847 3692
848 1971
849 2274
849 985
850 9117
851 5117
851 5951
852 1011
853 7228
853 3399
854 6814
854 3437
855 8651
855 2808
856 5340
857 1038
857 4308
858 8078
858 5528
858 2968
858 9536
859 8492
860 3336
860 8682
860 9614
860 5436
861 8788
861 968
861 1010
862 4162
862 4525
862 9847
863 4266
863 7433
863 6704
864 4963
864 7637
865 8695
866 9100
867 1143
867 5863
868 7905
869 1738
870 9179
871 930
872 4071
873 3134
874 2860
874 8125
874 8821
875 8753
875 908
876 7697
876 4836
876 9861
877 5137
877 7606
877 7990
878 9381
878 2113
879 7451
879 3391
879 2607
880 7985
880 3932
880 3620
881 4537
883 2835
883 6999
884 3582
884 9881
884 9052
885 1601
886 8318
887 8771
887 1513
888 1271
888 4231
889 3002
889 5973
889 3374
890 2257
890 6231
891 1283
891 3169
891 5674
891 9270
892 7004
893 7408
894 4373
894 5669
894 3904
895 3605
896 7873
896 6084
897 7174
897 9017
898 7057
898 5511
898 5657
899 9203
900 5456
900 1375
901 7170
901 3274
903 1038
904 7262
905 5334
906 2155
906 6211
906 8431
907 1292
907 4949
907 5198
907 2383
908 1536
908 6928
909 8282
910 5153
910 5787
911 8570
911 9981
912 9930
913 4747
913 1655
914 8391
915 3267
916 8899
916 2628
917 6644
917 8276
917 3927
918 4541
919 3211
919 9213
920 7411
921 8325
922 2607
922 5665
923 6855
924 2251
924 9745
925 4692
926 8737
927 3971
927 2644
928 7294
928 2185
929 4814
929 5335
929 1310
930 6607
930 2113
931 4850
931 9140
931 8896
932 4841
932 8377
932 2748
933 7638
933 1950
934 4056
934 6867
934 8290
935 8439
935 8559
936 7832
937 8204
937 6275
938 8264
938 9589
938 8279
939 8319
940 9418
940 2397
941 4878
941 6632
941 6787
942 1141
942 6117
942 6624
943 4588
943 3592
943 7153
944 4057
945 3921
945 4254
945 3329
945 2951
946 8733
946 3588
947 9733
947 7394
947 6037
948 9578
948 8201
949 8572
950 4253
951 3869
952 9167
953 3319
954 6143
955 9794
955 3853
956 3256
956 2565
956 9504
956 1832
957 4151
957 7935
958 3488
958 6098
959 7332
960 2246
961 6826
962 9532
962 3876
963 1992
964 6428
965 5751
965 4690
966 7243
967 6683
968 7828
968 7641
968 8818
969 5177
970 1188
971 4742
971 9057
972 4090
972 7839
972 4376
973 9340
973 1744
974 3435
974 2303
975 3942
976 7017
977 7633
977 5249
977 4003
978 1198
979 4466
979 5181
980 3484
981 1803
981 1656
981 9380
982 5745
982 3737
983 1334
983 9834
983 3008
984 4960
985 4326
985 5568
985 2002
985 8900
986 2004
987 7069
988 5196
988 9917
988 5665
989 2530
990 6527
990 8997
990 6283
991 2377
991 6957
993 1586
993 4513
993 9236
993 4020
994 7213
994 1938
995 5999
996 2342
997 8985
997 5599
998 4252
998 3623
999 3653
999 5586
1000 4146
1001 2248
1002 5021
1002 4776
1003 4599
1003 8414
1004 7663
1005 3597
1006 1542
1007 3981
1008 3237
1008 3401
1008 5217
1009 6525
1010 7688
1010 8760
1010 7585
1011 7983
1012 2667
1013 3665
1014 2645
1015 1025
1015 4210
1016 1997
1016 5321
1016 3657
1016 2577
1016 3707
1017 5648
1018 7483
1018 4026
1019 7070
1020 8447
1021 8085
1021 1921
1022 6616
1023 5556
1024 6547
1024 2468
1024 8679
1025 2410
1026 4609
1026 7515
1026 7367
1026 9286
1027 5548
1027 7896
1027 6253
1027 3909
1028 6902
1029 2413
1029 9922
1030 3207
1031 5842
1032 5655
1032 9657
1032 7564
1033 6134
1033 8993
1033 7206
1033 1676
1034 5218
1035 8604
1035 7632
1036 2737
1036 6687
1037 1510
1038 6100
1038 8526
1039 9148
1039 9655
1040 4478
1040 3083
1040 1350
1041 5995
1042 1943
1042 9129
1043 1569
1043 2370
1044 3291
1044 3588
1044 9692
1046 9077
1047 1276
1047 3386
1047 1504
1048 4085
1048 7010
1048 9373
1049 7514
1050 5819
1050 6447
1051 4716
1051 9798
1052 6014
1052 8975
1052 5347
1053 1071
1053 1848
1054 9036
1054 6889
1055 7216
1057 5185
1057 2106
1057 8345
1058 5431
1059 8477
1060 2508
1060 2677
1060 9848
1061 2609
1061 8215
1061 4847
1062 4840
1063 8392
1064 1773
1064 6437
1065 3514
1065 4229
1066 2887
1066 7206
1067 9204
1067 3123
1068 9426
1068 1556
1068 1360
1069 5417
1069 5424
1069 1164
1070 2436
1072 5724
1072 6758
1072 6707
1072 8186
1073 3017
1073 5749
1074 3744
1075 1543
1075 9604
1076 8512
1077 3466
1077 9674
1078 6986
1078 3819
1078 7816
1079 3159
1079 5099
1080 3470
1080 5549
1080 6769
1081 1716
1082 1529
1082 6106
1082 1182
1083 1377
1084 9682
1084 2831
1085 3266
1085 6586
1086 6558
1086 2356
1087 1795
1088 4351
1089 4455
1091 1173
1091 9250
1091 5051
1092 7922
1092 6208
1092 4447
1093 2974
1094 5302
1094 6769
1094 8226
1095 7507
1096 8154
1096 5922
1096 9783
1096 7082
1097 6308
1097 4799
1098 4430
1099 2832
1099 2979
1099 2315
1099 7924
1100 6352
1100 5945
1101 4392
1102 7796
1102 9583
1102 7414
1103 2122
1104 2203
1104 3362
1105 9298
1105 2834
1105 2858
1106 5688
1106 7984
1106 9341
1107 1189
1108 7244
1108 1157
1108 8157
1109 6578
1109 7938
1110 6918
1112 8147
1112 3125
1112 5516
1112 2099
1113 4237
1114 7545
1114 4128
1115 1785
1115 9207
1116 5918
1116 1502
1116 4898
1117 6651
1118 5491
1118 8605
1119 2447
1120 8791
1121 8701
1121 4549
1121 6146
1122 4914
1122 5583
1123 3534
1123 7292
1124 8434
1125 9348
1126 8103
1127 3699
1127 9937
1127 4009
1127 3496
1128 2118
1128 3164
1129 6908
1129 3054
1129 9963
1129 3774
1130 5543
1130 5331
1131 5406
1131 9887
1132 9139
1132 2551
1133 5986
1133 8731
1134 3071
1134 5314
1135 5358
1136 1465
1137 7384
1137 2326
1137 9795
1138 3247
1138 4256
1139 4572
1140 1414
1140 6282
1140 6609
1142 3003
1143 7361
1144 3987
1144 8987
1145 3909
1145 9264
1146 6968
1147 8501
1147 8588
1147 6341
1148 1520
1148 8240
1149 1186
1150 4383
1150 2903
1151 4406
1152 2100
1152 2260
1152 4999
1154 1389
1154 9493
1154 2243
1155 8389
1155 4734
1156 1228
1156 2812
1157 8610
1157 6062
1158 4187
1159 7104
1159 1309
1160 4189
1160 1921
1161 9038
1161 3371
1162 7965
1162 5298
1163 4268
1164 5016
1165 9635
1165 2552
1166 5068
1166 9610
1167 1372
1168 5000
1168 6605
1168 9496
1169 7880
1169 7829
1170 9964
1171 8265
1171 5542
1171 8722
1172 3643
1174 4332
1175 1993
1176 6093
1177 7434
1178 7264
1178 9769
1179 4076
1179 4640
1179 5277
1179 8897
1180 2312
1180 3623
1180 8336
1180 6055
1182 2527
1182 7818
1182 5101
1184 5556
1185 9061
1186 6895
1186 5863
1186 2396
1187 6844
1188 4388
1189 7238
1190 8190
1190 6847
1190 8390
1191 2117
1193 8632
1194 7334
1194 5908
1194 9462
1195 3906
1196 7484
1196 9816
1197 1793
1198 2051
1198 6414
1199 1373
1199 8081
1200 8821
1200 1722
1200 3939
1201 6882
1201 8518
1201 8557
1202 4217
1202 3397
1202 9986
1202 7715
1203 6332
1203 6611
1203 5922
1204 6563
1204 2075
1204 3292
1205 2645
1206 4290
1208 1809
1208 4233
1209 2967
1210 3305
1211 5111
1212 4997
1213 8701
1214 3372
1215 9100
1215 1916
1215 1447
1216 4750
1217 9522
1217 3424
1218 7302
1219 1544
1219 8284
1219 7422
1220 8160
1220 2330
1221 4761
1221 8853
1222 1679
1222 2986
1223 8193
1224 2914
1225 4432
1226 5685
1227 8585
1227 9166
1227 1849
1228 8066
1228 9946
1229 3429
1229 3760
1230 2672
1230 5535
1230 6653
1230 9606
1231 1925
1231 4798
1231 7686
1231 7770
1231 8691
1233 7059
1233 6772
1235 4197
1235 2957
1237 1726
1237 9531
1239 8284
1240 3164
1241 9028
1242 8064
1242 3087
1243 6451
1243 7624
1243 8425
1244 3104
1245 8425
1245 9582
1245 4871
1245 1892
1246 3942
1246 9149
1247 1640
1247 1413
1247 6367
1248 8425
1249 7403
1249 6139
1250 7684
1250 1449
1251 1779
1251 5909
1252 1643
1252 6745
1252 3181
1252 8457
1253 7778
1254 4025
1255 7324
1256 1741
1257 1561
1257 9681
1258 6306
1258 1495
1259 7080
1260 8110
1261 8737
1261 6401
1261 9093
1261 9363
1262 8944
1263 3616
1263 9355
1264 6440
1265 5369
1265 9477
1266 6888
1266 2875
1267 8301
1268 5042
1269 1568
1269 9825
1270 3525
1271 8034
1272 3761
1273 5614
1274 3418
1274 3613
1274 8467
1274 7693
1275 3254
1276 2729
1276 8153
1277 9879
1277 7517
1278 2289
1279 6630
1280 4030
1280 9757
1280 8655
1280 7333
1280 7286
1281 2313
1281 4584
1282 5694
1284 2126
1285 7727
1285 7830
1287 7057
1288 4125
1288 7815
1288 5893
1289 4882
1289 3530
1290 2674
1291 9098
1291 9686
1291 7980
1293 1384
1294 2487
1294 9464
1294 9749
1294 7842
1295 6240
1296 8289
1297 2909
1297 3346
1298 4928
1298 1432
1299 8113
1299 8716
1300 1854
1300 2713
1301 4619
1302 1750
1303 9810
1304 3968
1305 6372
1306 4801
1307 3454
1308 1939
1308 6044
1309 7299
1310 3001
1310 2556
1311 6566
1311 9583
1313 3036
1314 6178
1314 6330
1314 2744
1314 3822
1314 7729
1315 2581
1316 9849
1316 1720
1317 4407
1318 3313
1318 8983
1318 4767
1319 7304
1320 1855
1322 4312
1323 2317
1323 1744
1324 5966
1325 3614
1325 8032
1326 5389
1327 8963
1328 2167
1328 4214
1329 5300
1330 4005
1331 8061
1331 5262
1332 8959
1332 7354
1333 3121
1333 7246
1334 6267
1335 3644
1335 1483
1336 3942
1338 5071
1339 4664
1339 6819
1340 1423
1341 3569
1342 7511
1342 7362
1343 5842
1344 2886
1345 4958
1345 8370
1345 8891
1346 4256
1346 5433
1347 2134
1347 5140
1348 2997
1350 8659
1351 1871
1351 1449
1352 6252
1353 7013
1353 9393
1354 1374
1355 7927
1355 7890
1355 6992
1356 7797
1356 3551
1357 7776
1358 1671
1358 7736
1359 4333
1359 4507
1359 6202
1360 6939
1361 7572
1361 1662
1361 7820
1362 4569
1363 8237
1364 3292
1365 4066
1366 8269
1367 6573
1367 2059
1369 1488
1370 4703
1371 4328
1372 1470
1373 4117
1374 2357
1375 6099
1375 2102
1375 6754
1376 5604
1376 7565
1377 2533
1377 8897
1377 9432
1377 4188
1378 6545
1379 5793
1379 5014
1380 9663
1380 6428
1381 4444
1381 7473
1381 6677
1381 6233
1382 9614
1383 4652
1383 5141
1383 8279
1384 1416
1384 4397
1384 7641
1386 6454
1387 4999
1387 3196
1389 2551
1390 6256
1391 3262
1392 2072
1392 8803
1392 9769
1392 3919
1393 4577
1393 6243
1393 8891
1394 1487
1395 3039
1395 2468
1396 6287
1396 2407
1397 4057
1397 9250
1398 8301
1398 6654
1399 3355
1399 4051
1399 5938
1400 4909
1401 8341
1401 4491
1402 8029
1402 8232
1403 4984
1404 8516
1404 2372
1405 2837
1405 1740
1405 1555
1406 1628
1406 7748
1407 6911
1407 4846
1408 5367
1408 1971
1409 5835
1409 9165
1409 6007
1410 3814
1411 3628
1411 5663
1411 8260
1411 6101
1412 5889
1412 5904
1413 2869
1413 4139
1413 5300
1414 8043
1414 7251
1415 3240
1417 9594
1418 8670
1419 4298
1419 5128
1420 4097
1420 9475
1421 9821
1421 3835
1422 1903
1423 8981
1424 7209
1424 7437
1425 2543
1426 7459
1426 2806
1427 6655
1427 3741
1428 6634
1428 5480
1429 9649
1430 2625
1430 6412
1431 4926
1431 3357
1432 9970
1433 5704
1433 2842
1434 4299
1434 6988
1434 3154
1434 4401
1435 9774
1436 4603
1436 6381
1436 3303
1437 2355
1437 5231
1437 3588
1438 9134
1438 8784
1439 5224
1439 8050
1439 8601
1439 6059
1439 8671
1440 5452
1440 5852
1440 3709
1441 7020
1441 7582
1441 4440
1442 7498
1442 4011
1443 6381
1444 4419
1444 2089
1445 7168
1445 3532
1446 5343
1447 6547
1448 6803
1448 7352
1448 3298
1449 9338
1450 8096
1451 5039
1451 2790
1451 2550
1452 2448
1453 9489
1453 9812
1453 8987
1454 4655
1455 7068
1455 5433
1455 5551
1456 2371
1457 8208
1457 7055
1457 3393
1458 2813
1458 1519
1458 3625
1460 5169
1460 2038
1460 8928
1461 3761
1461 7538
1462 7032
1463 8282
1464 2282
1465 8581
1466 7865
1466 8191
1466 2589
1467 8881
1467 6223
1467 1944
1468 8129
1468 3479
1469 6188
1470 8263
1471 3820
1471 1661
1471 6022
1472 6659
1472 5862
1473 4721
1473 5955
1473 6567
1474 9267
1474 3134
1474 8822
1474 2184
1475 7158
1475 2780
1475 5433
1476 9313
1478 6836
1478 8258
1478 4033
1479 1681
1479 4961
1479 5320
1479 7202
1480 9789
1480 2506
1480 8474
1481 4112
1481 8986
1482 2798
1482 6655
1483 9056
1484 9569
1485 3767
1486 1956
1486 2862
1488 5909
1489 3566
1489 9413
1490 6114
1490 7215
1490 1531
1490 3011
1491 1718
1492 1962
1492 5231
1493 2746
1493 2681
1494 6170
1495 7857
1495 1590
1496 7062
1496 6573
1497 4350
1497 4258
1497 3467
1498 5817
1498 7436
1498 2163
1498 5044
1498 9046
1499 3303
1500 7395
1501 7224
1501 5972
1502 2985
1502 8622
1502 9469
1503 8145
1503 3427
1504 3365
1505 9150
1506 1524
1506 6235
1506 3620
1508 4006
1509 8016
1510 4641
1510 2960
1511 5529
1511 9771
1511 5382
1512 7033
1512 9998
1512 8635
1513 6739
1513 3393
1513 3686
1513 2195
1514 4321
1516 6006
1516 3956
1516 7824
1517 2018
1517 5754
1517 3216
1518 7655
1518 4730
1519 3220
1521 1745
1521 6380
1521 8705
1522 8768
1523 7343
1523 3285
1525 6358
1525 2241
1526 6917
1526 2940
1527 8617
1528 8550
1528 7731
1530 7763
1531 6647
1531 9299
1532 4131
1533 7325
1533 3246
1534 7255
1534 8896
1535 8063
1535 5364
1535 5367
1536 8006
1537 7812
1537 1824
1537 5510
1538 5074
1538 3742
1539 4208
1539 9413
1540 7411
1540 5775
1540 6453
1542 9515
1542 8460
1543 7740
1545 9356
1545 4320
1546 4350
1547 4234
1547 5999
1548 3846
1549 3362
1550 3780
1551 6263
1551 9844
1551 8777
1552 7542
1553 8174
1553 6680
1554 8092
1555 4153
1555 7966
1556 7445
1556 3671
1556 7915
1557 5362
1557 9878
1557 9737
1558 3622
1558 6574
1559 6267
1560 6505
1560 7285
1560 9008
1560 9829
1562 5616
1562 6024
1563 7848
1564 4707
1566 4785
1566 7132
1567 3587
1567 7388
1567 9036
1569 3204
1570 2415
1571 4862
1572 2850
1572 4921
1573 9084
1573 9182
1574 5435
1575 4160
1576 4987
1577 9302
1578 9740
1578 8468
1579 2538
1579 7759
1579 2420
1579 4970
1580 5053
1580 3196
1581 2186
1582 1700
1582 3062
1584 1663
1584 7420
1585 7903
1587 7959
1588 4403
1589 4796
1589 6309
1590 8203
1590 1732
1591 4693
1591 7321
1592 7401
1592 6766
1593 1630
1594 9916
1594 8686
1595 3566
1596 9845
1596 2489
1597 7635
1598 3901
1598 5761
1598 6035
1598 9228
1598 4231
1598 2980
1599 6102
1599 9999
1600 5769
1600 2976
1601 8021
1602 4765
1603 3502
1603 3864
1603 9846
1603 5813
1604 8285
1604 8060
1604 9336
1604 8379
1605 8331
1605 7762
1606 5526
1606 1704
1606 5707
1606 2352
1607 8462
1608 5292
1608 4617
1609 4678
1610 3552
1610 4813
1610 3279
1611 3477
1611 6821
1612 7613
1613 5600
1613 9604
1614 7633
1615 9729
1615 3858
1616 6121
1616 9598
1617 7640
1618 3652
1618 7195
1619 1709
1619 5886
1620 6023
1620 9077
1621 5493
1621 6511
1621 5945
1622 1941
1623 8996
1624 7964
1625 9145
1625 8120
1626 3264
1627 5106
1629 1837
1629 4368
1629 9539
1630 9560
1630 7569
1631 6601
1631 8241
1631 6183
1632 6399
1632 5828
1633 2135
1633 9643
1634 6708
1634 9400
1634 2997
1636 3497
1636 9144
1636 6265
1637 4744
1638 9754
1638 5521
1639 2914
1639 4176
1640 5636
1641 2772
1641 3869
1641 6732
1641 6958
1642 7519
1644 8675
1644 1939
1645 6609
1645 9505
1645 7010
1646 5184
1646 9955
1646 5849
1647 2631
1647 7600
1648 4341
1649 7369
1650 9041
1650 3098
1650 2558
1651 4867
1651 3258
1652 7282
1652 7629
1653 5772
1653 9848
1653 1866
1653 3647
1654 6526
1654 2323
1654 4050
1655 2372
1656 3923
1656 9022
1657 8300
1658 7363
1659 8409
1659 5153
1660 2849
1660 2970
1661 2739
1661 3914
1662 3479
1663 4086
1663 5842
1663 8770
1664 4401
1665 3765
1665 3672
1665 3449
1666 1792
1666 7166
1666 8141
1667 3763
1667 2696
1668 6338
1669 9416
1669 9777
1669 8198
1670 3437
1671 4411
1672 6343
1672 7989
1672 6050
1673 7455
1673 8304
1674 6141
1674 6625
1674 8159
1675 3452
1676 1788
1677 2451
1677 3120
1678 9550
1678 8595
1680 9526
1682 2750
1682 5110
1683 2322
1684 7016
1684 5976
1685 5064
1685 8955
1685 6167
1686 4082
1686 2273
1687 8586
1688 4289
1689 6472
1689 3795
1690 5890
1691 9590
1691 1917
1692 2172
1693 5373
1694 9885
1695 6207
1695 4849
1696 8335
1697 4580
1698 6153
1698 8060
1699 2872
1699 4028
1700 8021
1701 1846
1702 8222
1703 5983
1704 6268
1705 7136
1706 3790
1707 8157
1708 6089
1708 6727
1708 8860
1709 3321
1710 8290
1710 8165
1711 4921
1711 3021
1712 9965
1712 3728
1713 3100
1713 3618
1713 2618
1713 4259
1714 7964
1715 2736
1715 5144
1716 6456
1717 8115
1718 3257
1718 6862
1719 7466
1720 6060
1722 8094
1723 2525
1723 7216
1723 9966
1724 3320
1724 5009
1724 4894
1724 8018
1726 2333
1727 4760
1727 7712
1728 8055
1729 7385
1730 6642
1731 4947
1732 7450
1732 5100
1733 2693
1733 5296
1733 8352
1734 8695
1734 9633
1734 7391
1735 2305
1736 6818
1737 5635
1738 4661
1738 6559
1738 5528
1739 9108
1739 8413
1740 8586
1740 5007
1741 4657
1741 4774
1742 3179
1742 3894
1743 6162
1745 7413
1745 8609
1745 7253
1746 5574
1746 3706
1746 7223
1746 1921
1747 3440
1747 5635
1748 5618
1748 6276
1748 7132
1749 5178
1750 3786
1750 4730
1751 1980
1752 5428
1753 8045
1753 8405
1754 2971
1754 3472
1754 1998
1754 2654
1754 2964
1756 6159
1756 9287
1757 2449
1757 7785
1758 5317
1759 5542
1760 6375
1760 3699
1761 6525
1762 1966
1763 3760
1763 3771
1764 5023
1764 8106
1765 3207
1766 6514
1767 3535
1767 7492
1769 4748
1770 4148
1771 5395
1771 7409
1772 6098
1774 6392
1775 9653
1776 6604
1776 4822
1776 8298
1777 4314
1778 7737
1778 6906
1778 7586
1780 7013
1781 4508
1782 2836
1782 4332
1782 8009
1783 7939
1783 8655
1784 2067
1784 7492
1785 2226
1785 2309
1785 5840
1786 2060
1786 5151
1786 9905
1787 3467
1787 4863
1788 6636
1789 4834
1789 5342
1789 8534
1790 3214
1790 3992
1790 3677
1794 4567
1794 9605
1795 7469
1795 4783
1796 2930
1796 4886
1797 4679
1798 5205
1798 2871
1799 8786
1799 7575
1800 3610
1800 8248
1800 7535
1801 2439
1802 4581
1802 1999
1803 6163
1804 4084
1805 4353
1806 8649
1806 3721
1807 6864
1807 1973
1808 8042
1808 3887
1808 2447
1808 9642
1809 6413
1810 2876
1810 6954
1810 4430
1811 3229
1811 7660
1811 9790
1811 1847
1812 7788
1813 8315
1813 8841
1814 7147
1815 4102
1816 9458
1816 9057
1817 8371
1818 5170
1819 5396
1819 6218
1820 3506
1821 4005
1822 9866
1822 5386
1823 6762
1823 7919
1823 2207
1824 1955
1824 3431
1825 3110
1826 8227
1826 7268
1826 8075
1827 6824
1827 3013
1827 7255
1828 6840
1828 7857
1829 6116
1830 7008
1831 7025
1831 7361
1832 5929
1832 9930
1832 3641
1833 3439
1833 3111
1833 6600
1834 3487
1836 6554
1837 2096
1838 9012
1838 4846
1838 7892
1839 6310
1839 3625
1840 6878
1840 2760
1840 9792
1840 5538
1841 7867
1841 6555
1842 4372
1842 3341
1843 9079
1844 8998
1845 3647
1845 9184
1846 5875
1846 8426
1847 8519
1848 8750
1848 9324
1849 8161
1849 5276
1850 6402
1850 7389
1850 2643
1851 6076
1851 6326
1851 8408
1852 5193
1852 4358
1852 9579
1852 5313
1853 3333
1854 2281
1856 7386
1857 9574
1857 4066
1858 4204
1858 2270
1859 9270
1859 9382
1860 2793
1860 6411
1861 2270
1862 4532
1862 9931
1863 4689
1864 7955
1865 7187
1865 2593
1866 5381
1867 8089
1867 6091
1868 9249
1868 5297
1868 6475
1869 6775
1869 3661
1870 4844
1870 2512
1871 6305
1873 6576
1873 5987
1873 5726
1874 9313
1874 4730
1874 4194
1875 3380
1875 5395
1876 9012
1877 6340
1877 8440
1878 2085
1879 6386
1879 5810
1880 4795
1880 9309
1881 8500
1881 9555
1882 5715
1882 5488
1883 6041
1883 5187
1884 2797
1885 3088
1885 8695
1886 7736
1887 4775
1887 9179
1887 6235
1888 3919
1888 7532
1889 6797
1890 5630
1891 4680
1891 2227
1892 2815
1893 2660
1893 8972
1893 3446
1894 4807
1894 5997
1895 4616
1896 4878
1897 7544
1897 7986
1897 9816
1898 4190
1899 4262
1900 9277
1900 9407
1900 6822
1901 5673
1901 3281
1902 6655
1903 6943
1904 7813
1904 5449
1905 3910
1906 4928
1907 7916
1908 9131
1909 6461
1910 8410
1910 7311
1911 5985
1911 6016
1912 2374
1912 7366
1912 6348
1912 3826
1913 4676
1913 6118
1914 1961
1915 2741
1916 4131
1916 8621
1916 4270
1916 6118
1917 3557
1918 7417
1918 2507
1919 8478
1919 4787
1920 2648
1921 4783
1921 4195
1921 2397
1922 9195
1923 8234
1923 7543
1924 5378
1924 8157
1926 7421
1926 9380
1926 9296
1927 3405
1928 2917
1928 9738
1928 7952
1929 6630
1929 2004
1929 8565
1930 2890
1930 5016
1930 7806
1931 8201
1932 4287
1932 5465
1932 8982
1933 8144
1934 9017
1935 7157
1935 8314
1935 3887
1936 3604
1937 7421
1938 7067
1938 5474
1938 9971
1938 3512
1939 2322
1939 8333
1940 4133
1940 4333
1941 5453
1942 7372
1943 8971
1944 7367
1945 7002
1946 2287
1947 4386
1947 6898
1948 4518
1948 7305
1949 8974
1950 9132
1951 3152
1952 4689
1952 4223
1953 2664
1954 3999
1955 9240
1957 5602
1958 5607
1958 8325
1959 5252
1959 8303
1960 9107
1961 8288
1961 8530
1961 9078
1963 3917
1964 4720
1964 9696
1964 6012
1965 6034
1966 4232
1967 2238
1967 3046
1968 9332
1969 3311
1971 6559
1972 2735
1972 3630
1972 8739
1972 4602
1973 7984
1974 6377
1974 8362
1974 4487
1975 6272
1976 6781
1977 7589
1977 3544
1978 5004
1978 7472
1978 7982
1978 3551
1979 9908
1979 4405
1980 8914
1980 7118
1981 8587
1982 3440
1983 6174
1984 4724
1984 4255
1985 2553
1985 5711
1985 7903
1986 4427
1987 5275
1988 3575
1988 2113
1989 5541
1990 5631
1990 2381
1991 5092
1991 6646
1992 3449
1992 4381
1993 4416
1993 4105
1993 8524
1994 8247
1994 9626
1995 9509
1995 7529
1996 7819
1996 8119
1996 3315
1996 4604
1998 8875
1999 3551
1999 6653
2000 5764
2000 3448
2001 3420
2001 9632
2001 2224
2001 8218
2001 7596
2002 6713
2003 8161
2004 9271
2004 9470
2005 3968
2005 9113
2005 2565
2006 4546
2007 9409
2008 5900
2009 2062
2010 6389
2010 3920
2011 2056
2011 9484
2011 9188
2012 8247
2013 8670
2014 3538
2015 7014
2015 6717
2016 2905
2016 5080
2016 7616
2017 7684
2019 3330
2019 5727
2019 5938
2019 3978
2020 8870
2020 7967
2021 4440
2022 4070
2023 6162
2023 9127
2024 6300
2025 6549
2026 2331
2026 6772
2026 8350
2027 7304
2028 7075
2029 5112
2030 5210
2030 3483
2031 7508
2031 3743
2033 4773
2033 6143
2034 2084
2035 3854
2035 2628
2035 7338
2035 5276
2036 9685
2038 5788
2038 5649
2039 7106
2039 5173
2039 8266
2040 6966
2041 9563
2041 9680
2042 7754
2043 9620
2044 9080
2044 2622
2045 5951
2045 9312
2046 8025
2047 7786
2047 4480
2047 6087
2048 8451
2048 8837
2050 4019
2050 9921
2050 8671
2052 8648
2053 7670
2054 7355
2055 9229
2055 2784
2056 3482
2057 4070
2058 3810
2059 4044
2061 3666
2062 2529
2063 2491
2064 8558
2065 3704
2065 5473
2066 5854
2066 9863
2066 8884
2068 7973
2068 9284
2068 5964
2069 8890
2069 7146
2069 7383
2070 5527
2070 8617
2070 8134
2071 9762
2073 6160
2073 4971
2074 5965
2074 7755
2075 2851
2075 9929
2076 5455
2077 9035
2078 3680
2078 8708
2079 4230
2079 7758
2079 2955
2079 4964
2081 9156
2082 3333
2082 3930
2084 5933
2084 6308
2085 5372
2085 6767
2086 9328
2088 2096
2089 8686
2090 4294
2090 8457
2090 3646
2091 5977
2091 4066
2091 3432
2092 4125
2093 5765
2093 9092
2094 8654
2095 7166
2097 9525
2097 2160
2097 4185
2098 7125
2098 8198
2101 9666
2101 4714
2102 7071
2102 7802
2102 6068
2103 4920
2104 2981
2104 5874
2105 2214
2105 5891
2106 8068
2106 3438
2107 8592
2108 8239
2108 8255
2109 9550
2110 3008
2110 4986
2111 7715
2111 5077
2112 8603
2112 3292
2113 5401
2114 3140
2115 6358
2116 4274
2117 7383
2117 9219
2118 4002
2119 9638
2119 3033
2120 3663
2121 7098
2121 3139
2122 9847
2123 8631
2123 3144
2124 3537
2126 4940
2127 5753
2127 7719
2127 5670
2128 7547
2129 2804
2130 4564
2131 8216
2131 5822
2132 5183
2133 3970
2135 7757
2136 7787
2137 8622
2138 7035
2138 6011
2139 2579
2139 6058
2140 3846
2141 6313
2141 9244
2142 9730
2142 4194
2142 8356
2143 8962
2144 4698
2144 4161
2145 5786
2145 5099
2145 9457
2145 4918
2146 3641
2147 4047
2148 8862
2148 5552
2149 4417
2149 7974
2150 4710
2150 4272
2150 2577
2152 5213
2152 4810
2153 6618
2153 8250
2154 5036
2156 3012
2156 8058
2157 7275
2157 3501
2158 7227
2158 7551
2158 8528
2158 5384
2160 6696
2160 8925
2161 3180
2162 6766
2162 6804
2163 3160
2164 8164
2165 5866
2165 4530
2166 6881
2168 3732
2169 6952
2170 7782
2170 2476
2171 3119
2171 8987
2172 6065
2173 3498
2173 2443
2173 3377
2174 2457
2174 8135
2175 3715
2176 8076
2177 2546
2177 6829
2179 4564
2180 6026
2180 5758
2181 5538
2182 9365
2182 5007
2183 4969
2183 4362
2184 4082
2185 4904
2185 9079
2185 5881
2186 6890
2187 5936
2188 7773
2188 5031
2188 8954
2188 6365
2188 7514
2189 6493
2190 3191
2190 7540
2190 7700
2191 7881
2191 7066
2192 7953
2192 6221
2192 2878
2192 7357
2193 3245
2194 6570
2194 3809
2195 8752
2195 6128
2197 6712
2197 8098
2197 5399
2198 5694
2198 2665
2199 4785
2200 6336
2200 8243
2201 5038
2202 8271
2204 8121
2205 3283
2206 5107
2207 2598
2207 4484
2208 3177
2209 6848
2209 5312
2209 6791
2210 7527
2210 3342
2210 8972
2211 3781
2212 7617
2212 8606
2212 8683
2213 7620
2214 4449
2215 6058
2215 5795
2216 7138
2216 8375
2216 9525
2217 3005
2217 6094
2218 3628
2219 4342
2220 9838
2220 9034
2221 6378
2221 6538
2221 3364
2222 4832
2223 9575
2223 3425
2224 7932
2225 6865
2225 7804
2225 9070
2228 8463
2228 6638
2228 2666
2228 4553
2229 8122
2230 8220
2230 2812
2231 3009
2232 6944
2232 9865
2233 6150
2233 9029
2234 9995
2235 3068
2236 4379
2236 4155
2236 4932
2237 2247
2237 7969
2238 3036
2239 5589
2239 4437
2239 7558
2240 3658
2241 6184
2241 9984
2242 6281
2242 4903
2243 5093
2243 4786
2243 7261
2244 7651
2245 4937
2245 8367
2245 3934
2245 8391
2246 9002
2246 7705
2247 5088
2248 7947
2249 6832
2250 4461
2250 9808
2250 2901
2252 3525
2253 5366
2253 6683
2254 2398
2255 6333
2255 4277
2256 6446
2258 9391
2258 7148
2258 6960
2259 3488
2260 4485
2262 2960
2262 2951
2263 9766
2264 7134
2265 6185
2265 3800
2266 7954
2266 8219
2266 3554
2267 3460
2267 8394
2267 6882
2268 2325
2269 6805
2270 4041
2271 6120
2272 4345
2272 5068
2273 7499
2273 7243
2275 3016
2276 7831
2276 2838
2277 6444
2278 6501
2278 8662
2278 8889
2279 7366
2280 5147
2282 3836
2282 8302
2282 5971
2283 5394
2284 5165
2284 6893
2285 3124
2286 3039
2287 8598
2288 3298
2288 7707
2289 4794
2289 7327
2290 6820
2290 4875
2291 7685
2291 3289
2292 7661
2294 5108
2295 6203
2296 4887
2296 7258
2297 7179
2297 6667
2298 6125
2299 5356
2299 5641
2299 9014
2299 8170
2300 4062
2300 8694
2301 8318
2301 6924
2301 3878
2302 5434
2303 2406
2304 4563
2304 9370
2305 7248
2306 2773
2307 9543
2307 8393
2308 3432
2311 8057
2311 7840
2311 3372
2312 6515
2314 7233
2314 5992
2315 9154
2316 2708
2318 5758
2319 7396
2319 9631
2320 9684
2320 9065
2321 8905
2321 2663
2322 7994
2323 3445
2323 9612
2324 6028
2324 6182
2324 3727
2325 6884
2326 8146
2327 3624
2327 2458
2327 8596
2328 6800
2328 5241
2329 5002
2329 2880
2330 3231
2330 9130
2332 9193
2333 3540
2334 2807
2334 8924
2334 8138
2335 8804
2335 3164
2336 3398
2337 6658
2337 8675
2338 4088
2338 3351
2338 6440
2339 4811
2339 5439
2340 8754
2341 6228
2342 5843
2343 6716
2343 8829
2343 3331
2344 5209
2344 9984
2344 8070
2345 4784
2345 6205
2345 8311
2345 7982
2346 3376
2346 9090
2347 3062
2347 9910
2348 5057
2349 3043
2349 8712
2350 7085
2351 9358
2351 9551
2351 9025
2352 3029
2352 8474
2353 6490
2353 7887
2354 5620
2354 8759
2354 2510
2356 4939
2357 8877
2357 5593
2357 2988
2358 5289
2358 3903
2360 3206
2361 6106
2362 8872
2363 6239
2363 9638
2364 7312
2365 4809
2365 7588
2365 9476
2366 4157
2366 8050
2367 4218
2367 7654
2367 3074
2368 3162
2369 2810
2369 8339
2369 8194
2370 4821
2370 7192
2371 7863
2371 7689
2372 4443
2372 6453
2373 4836
2374 2727
2375 5441
2375 7137
2376 5826
2376 5971
2376 6346
2377 6129
2377 7524
2378 2866
2378 8392
2379 5297
2380 6432
2380 9287
2381 2568
2382 5967
2383 4480
2384 7184
2384 5250
2385 7774
2387 9520
2387 8979
2388 2604
2388 3389
2389 7495
2389 5495
2390 2824
2390 5700
2391 4063
2392 6631
2393 9009
2393 4265
2395 3115
2395 5902
2396 3702
2396 9616
2396 8760
2397 3372
2397 5541
2398 6153
2399 9007
2399 6530
2400 3983
2402 5143
2402 5790
2403 7892
2403 5723
2404 9463
2404 9861
2405 7603
2406 5097
2407 5309
2407 3028
2407 6401
2408 4568
2408 4486
2409 4331
2409 9769
2411 3193
2412 5106
2412 9385
2414 5555
2415 9788
2415 6993
2416 8378
2417 5946
2418 9342
2418 4383
2419 4461
2420 9649
2421 4845
2421 5249
2422 5488
2423 6872
2423 8427
2423 7009
2425 4011
2425 8378
2426 4295
2427 5185
2428 4515
2429 4872
2430 2473
2430 9778
2431 5208
2431 7208
2433 7687
2433 5263
2434 3249
2434 8882
2434 8468
2434 5659
2434 5562
2435 6969
2435 4469
2437 3831
2438 8778
2438 9015
2439 7326
2439 4547
2439 7952
2439 8407
2440 7966
2440 5254
2441 4654
2441 7410
2441 4280
2442 8348
2442 5206
2443 6816
2444 8704
2444 2560
2445 5438
2445 7599
2446 3200
2446 6736
2446 2907
2447 3143
2447 4823
2447 2484
2448 2906
2448 4047
2450 7630
2451 5388
2451 5521
2452 6332
2453 4113
2454 7044
2455 7032
2456 8085
2458 4553
2459 2997
2461 3035
2461 9080
2462 9949
2462 5763
2464 4969
2465 2479
2466 2808
2466 5026
2467 6710
2467 3738
2468 4223
2469 9949
2470 6537
2470 6831
2470 8387
2470 4406
2471 9865
2471 3678
2472 6429
2472 5450
2472 5937
2473 3770
2474 3868
2475 4527
2475 8253
2476 3640
2477 6926
2477 2738
2477 5641
2478 8574
2478 2871
2480 5370
2481 5235
2482 7549
2483 5928
2484 2591
2485 9760
2486 4413
2488 3515
2488 8691
2488 2758
2489 6826
2489 5379
2490 6094
2490 3969
2491 4569
2492 8386
2493 3184
2493 4915
2494 8545
2494 2947
2494 5751
2495 7644
2495 8827
2495 3150
2495 6138
2496 3232
2497 7003
2497 7541
2498 6417
2499 2620
2500 5921
2500 9884
2501 4095
2501 3881
2501 6183
2502 4052
2502 4967
2503 6231
2503 8644
2504 4051
2505 6680
2506 5833
2507 8128
2510 3048
2510 4579
2511 7892
2512 2599
2512 8412
2513 6668
2513 5030
2513 3326
2513 7216
2514 9053
2515 9625
2515 7345
2516 8922
2517 7460
2517 5624
2517 7485
2518 5337
2519 2632
2520 6717
2520 9637
2520 5033
2521 7921
2521 8536
2521 9232
2521 3004
2522 7313
2522 5071
2523 6988
2524 9374
2524 6964
2526 5512
2526 3083
2528 4339
2529 6259
2529 6530
2529 8843
2530 7576
2530 9174
2531 3689
2531 6828
2532 2743
2532 3718
2532 2555
2534 9104
2534 2819
2535 8595
2535 6495
2535 5981
2536 6045
2536 6956
2536 8351
2536 9953
2537 3413
2539 6898
2540 8167
2541 7323
2542 2837
2543 3837
2544 3691
2544 4399
2544 6693
2544 8888
2545 9176
2545 6901
2545 5145
2547 7551
2548 3849
2549 8823
2550 4042
2550 9305
2552 6221
2554 5749
2554 3424
2554 9091
2555 6225
2555 4768
2556 6428
2556 7318
2556 7974
2557 4815
2558 4665
2558 7371
2558 4204
2559 4965
2559 6656
2559 3448
2560 6652
2560 8642
2561 4813
2562 5555
2562 8849
2562 9001
2563 2899
2563 3871
2563 4886
2563 9080
2564 8224
2564 8374
2565 2789
2566 6280
2567 5393
2567 6795
2567 7821
2568 8493
2569 4577
2570 9287
2571 3613
2572 4385
2573 6110
2574 4162
2575 4265
2576 4560
2576 9611
2578 3263
2579 8493
2580 6173
2580 7716
2580 5308
2581 7199
2582 9427
2582 5030
2583 7608
2584 7101
2584 6235
2585 9234
2585 9456
2585 3156
2586 2626
2586 4856
2587 8298
2587 6693
2588 4053
2589 9617
2590 3043
2591 2663
2592 6055
2592 8011
2593 6448
2593 9911
2594 4019
2595 3858
2596 5518
2596 9398
2597 5299
2597 9029
2598 3197
2600 4609
2601 3024
2601 5305
2602 9474
2603 3606
2603 4648
2604 7277
2605 3084
2606 5346
2608 3255
2608 3368
2608 3935
2608 6027
2610 9690
2610 7426
2611 5675
2611 9617
2612 6489
2613 4123
2614 9647
2614 7253
2615 4029
2616 4736
2616 4793
2617 9898
2617 5383
2618 7722
2618 6344
2619 8312
2620 9370
2620 5692
2621 8623
2622 5067
2623 7297
2623 7312
2624 4883
2624 6193
2625 2881
2625 8110
2625 6939
2625 4092
2626 8096
2626 3742
2627 5254
2629 4240
2629 8530
2630 3790
2633 6539
2633 3134
2635 3915
2635 3273
2636 3751
2636 6455
2637 7950
2637 8096
2638 7825
2639 7504
2639 8991
2639 6311
2639 6091
2640 7778
2641 3076
2641 3730
2641 3112
2641 7783
2642 8114
2642 8930
2642 5183
2643 6077
2643 9758
2644 5547
2644 3171
2645 3786
2646 7344
2647 6809
2647 5239
2648 6125
2650 4537
2650 7172
2651 2827
2651 3441
2651 2946
2651 3397
2652 5311
2652 9423
2653 5079
2653 3239
2654 5882
2654 8908
2655 2907
2655 6126
2655 3906
2656 7691
2656 8105
2656 9010
2656 5616
2657 4877
2657 7522
2657 3103
2657 6405
2658 8851
2658 8825
2659 5282
2659 7785
2659 6591
2660 9468
2661 4325
2661 4350
2662 3815
2663 2802
2665 9256
2666 3019
2667 8023
2667 8390
2668 9838
2669 8107
2669 7754
2670 9555
2671 3181
2673 9634
2674 6098
2675 8399
2676 2912
2677 4190
2678 4985
2678 6081
2679 7358
2680 9880
2681 5991
2681 3727
2681 7905
2681 9263
2682 4258
2683 2690
2683 7702
2683 8723
2685 6139
2685 5889
2686 5177
2686 8713
2687 4477
2687 4029
2687 3300
2688 8749
2688 3003
2689 7269
2689 9339
2689 3647
2690 8989
2691 9278
2692 5109
2694 6219
2694 3545
2694 9314
2695 4000
2695 8928
2695 3154
2696 6588
2696 9323
2696 9823
2696 8456
2697 4159
2697 8839
2698 7531
2698 7357
2698 4098
2698 3934
2699 9767
2700 5729
2701 3565
2703 6040
2704 3227
2705 3015
2705 3622
2707 5570
2709 7672
2709 9915
2709 8674
2710 5573
2710 9805
2710 9624
2711 3341
2712 6600
2712 2868
2712 2947
2713 4176
2715 3333
2716 3609
2716 4068
2716 4674
2718 5029
2718 2890
2719 4458
2719 7026
2719 4733
2719 3386
2720 5361
2721 6700
2722 6091
2723 8226
2723 8569
2724 7468
2724 7094
2725 3033
2726 8137
2726 4658
2727 4475
2728 5115
2730 3332
2732 8120
2733 8979
2734 7921
2735 5195
2736 7386
2738 7500
2740 6476
2741 9013
2742 5937
2742 3673
2744 8381
2745 8749
2747 6517
2748 9001
2748 7704
2749 4832
2749 4270
2750 5043
2751 4108
2751 9986
2752 5810
2752 6012
2753 6001
2753 5862
2754 6090
2754 6626
2754 3750
2755 4442
2756 6713
2757 4641
2758 7825
2759 5039
2760 6136
2760 8904
2761 4781
2761 7231
2762 6845
2764 3082
2764 6834
2764 7610
2765 5117
2766 9281
2767 6556
2767 9614
2768 7711
2768 6557
2769 5852
2770 8614
2770 3926
2771 6998
2771 5993
2772 6038
2772 8819
2772 9303
2773 6784
2774 6823
2775 4512
2775 9940
2775 3388
2777 3697
2777 7588
2778 5960
2779 3230
2780 3463
2780 7404
2781 3361
2781 4265
2782 6401
2783 9864
2783 7718
2784 2842
2784 4785
2785 6635
2786 3336
2788 7113
2790 2896
2791 3571
2791 7144
2792 6942
2794 5638
2794 5701
2794 6008
2795 8278
2795 8363
2796 7696
2796 5111
2797 5530
2797 5942
2799 9466
2800 5975
2801 7551
2803 3670
2803 3363
2803 5015
2805 6351
2805 3139
2806 8507
2806 6969
2809 6499
2810 3421
2811 8794
2811 3546
2812 2822
2812 7198
2814 2830
2814 6850
2814 3929
2815 7279
2816 9385
2817 7372
2817 9385
2817 5681
2818 6075
2819 9924
2819 7350
2820 3632
2821 8265
2823 7002
2823 9321
2823 6749
2823 8348
2825 9149
2825 5888
2826 4641
2828 5657
2828 5238
2829 8538
2831 5135
2831 3393
2833 9713
2833 6781
2834 8873
2835 7855
2837 8505
2838 6700
2838 5262
2838 8834
2839 6287
2840 8036
2841 5443
2841 6473
2843 5676
2843 6426
2843 9659
2844 8510
2844 3767
2845 8615
2845 7461
2845 6395
2846 3233
2847 7856
2847 3780
2848 4941
2849 4338
2850 7578
2852 9057
2854 3707
2854 5318
2855 7909
2856 5308
2856 5019
2857 5153
2858 9580
2858 9739
2858 9706
2859 4279
2859 5534
2859 7028
2859 3767
2859 4343
2861 3287
2861 8332
2862 7489
2862 4974
2863 9955
2864 6355
2865 8782
2865 8900
2865 5903
2866 9627
2866 8048
2867 8138
2867 7354
2867 9696
2870 3221
2870 7911
2870 4734
2870 9292
2870 6724
2870 8195
2871 5230
2871 9477
2871 5876
2872 4935
2873 3319
2873 3701
2874 5152
2874 8465
2874 4216
2874 5904
2875 4295
2876 5540
2877 3775
2877 3222
2878 5229
2879 8001
2879 3784
2882 3638
2883 6627
2884 3213
2885 7748
2886 3814
2887 7126
2888 6218
2888 8133
2888 8217
2888 4106
2888 8607
2889 2997
2890 4530
2891 9263
2892 8554
2893 3573
2895 3124
2896 8943
2897 6549
2898 8485
2900 5837
2900 3793
2901 5509
2902 6284
2903 4472
2903 8531
2904 5885
2908 6667
2908 5622
2909 9761
2910 3155
2911 7006
2913 9213
2914 7373
2916 5311
2918 6387
2919 8969
2919 4497
2919 4438
2919 7977
2920 9822
2921 7466
2922 9137
2922 5543
2923 7048
2923 9974
2924 9012
2925 5017
2926 3868
2926 8724
2927 6882
2928 2945
2928 6568
2928 4984
2929 5049
2930 7382
2931 9545
2932 5075
2932 6870
2932 3668
2933 4083
2934 6975
2935 6376
2936 9064
2936 3672
2937 6020
2938 7320
2939 8250
2940 9781
2941 7181
2942 2965
2942 9825
2942 9458
2943 5094
2943 7175
2943 6040
2943 6470
2944 8325
2944 6999
2946 8095
2946 6585
2948 4215
2948 8348
2950 9850
2950 6905
2951 7266
2953 4815
2953 8443
2953 7806
2953 7574
2954 7623
2955 6594
2956 3854
2957 3723
2957 3323
2958 8839
2958 6721
2959 8202
2960 4911
2961 3293
2961 9062
2962 7320
2963 7508
2964 9096
2964 3247
2966 7753
2967 6559
2968 6928
2969 9011
2969 9948
2970 6851
2972 7663
2972 9938
2973 3745
2973 5969
2973 4917
2974 6258
2974 6206
2974 3048
2975 9203
2975 7791
2976 5370
2976 5438
2977 8309
2977 3717
2978 6722
2978 7202
2978 8485
2980 7176
2982 7054
2983 3075
2983 6610
2984 5985
2986 6818
2986 7123
2987 7241
2988 5042
2988 5567
2988 8856
2988 9434
2988 9507
2989 3910
2989 3326
2990 8263
2991 8358
2992 4735
2992 7345
2995 7494
2996 8380
2997 4026
2997 7588
2998 9985
2998 8656
2998 6748
2999 3888
2999 5374
3000 8398
3000 8483
3004 3011
3004 9842
3004 5939
3005 8893
3006 8256
3007 6190
3008 4851
3010 3173
3011 3958
3011 8721
3011 9709
3011 5723
3013 7328
3013 8562
3013 6036
3013 6747
3014 4716
3016 6154
3016 6384
3018 5435
3018 5232
3018 8867
3019 8687
3020 7339
3020 8770
3021 7792
3022 4132
3023 3593
3023 6144
3023 9375
3023 7730
3025 4505
3026 7477
3027 4353
3027 6910
3028 9161
3028 3961
3030 3710
3030 9896
3031 4164
3032 5629
3032 6689
3033 5136
3034 8228
3035 6415
3036 8986
3037 6168
3037 8396
3038 9200
3039 6748
3040 7866
3041 3253
3041 3827
3041 7404
3042 3413
3043 6027
3043 5729
3044 4892
3044 6390
3044 6214
3045 4036
3045 7890
3046 4374
3046 7663
3047 9226
3047 7989
3048 4972
3048 9895
3049 5287
3049 8305
3050 3826
3050 5987
3051 9327
3051 4238
3052 9697
3053 4306
3054 7096
3055 8290
3056 5708
3057 3889
3058 4741
3058 9410
3058 7143
3059 7689
3059 3389
3060 8743
3060 8049
3061 7569
3061 6747
3063 5227
3064 4659
3064 6200
3065 6099
3066 7703
3066 4462
3068 4440
3068 7242
3069 8306
3070 4436
3071 5158
3072 6315
3072 5596
3072 8016
3073 4627
3073 7874
3074 7801
3077 4557
3078 9541
3078 7072
3078 5795
3078 8970
3079 5371
3080 6174
3081 5561
3081 5477
3081 5019
3081 7283
3083 6964
3084 4330
3085 5838
3085 5903
3085 9909
3086 8532
3086 9915
3087 5961
3090 5894
3091 7422
3092 9096
3093 5267
3093 8395
3094 3645
3095 8543
3096 9503
3097 6784
3097 9336
3098 7156
3099 4638
3099 3484
3101 3757
3101 5982
3102 4129
3103 7609
3104 8776
3105 6459
3106 6086
3107 4337
3108 8867
3108 9868
3109 6108
3109 8897
3110 6156
3111 4317
3111 7885
3112 8189
3112 9406
3113 6044
3114 9459
3116 6564
3116 9557
3117 7188
3117 8490
3118 5420
3119 9030
3119 8414
3120 9153
3122 3769
3123 4975
3125 7449
3125 8257
3126 6190
3126 7085
3127 8932
3127 4406
3128 4855
3129 8455
3130 4155
3131 9533
3131 6423
3132 5737
3132 7651
3133 9117
3133 8366
3134 8547
3135 5080
3136 9598
3137 5122
3138 3714
3138 8320
3138 4988
3139 9506
3140 5658
3140 7370
3144 3379
3144 9141
3144 6140
3145 4767
3146 5486
3147 7081
3148 4938
3148 9550
3149 6843
3150 4289
3150 4639
3150 6947
3151 7442
3151 9734
3151 9624
3151 7275
3152 8332
3152 7707
3153 8399
3154 7029
3155 5965
3156 8421
3156 7700
3157 8552
3157 7040
3157 5862
3157 8878
3159 4865
3161 8887
3162 8001
3163 4559
3164 5805
3164 9043
3164 8809
3164 9712
3164 9463
3165 3723
3168 5755
3168 5689
3171 4322
3172 8633
3172 8045
3173 9291
3174 7105
3174 4745
3175 5815
3176 4976
3177 3669
3177 5005
3178 4145
3178 4245
3178 6540
3180 8570
3181 4629
3182 5851
3183 8750
3184 7370
3185 3674
3186 9056
3186 9901
3187 6770
3188 9561
3189 4934
3190 9651
3192 3345
3193 6000
3194 7780
3195 9448
3196 4790
3196 7054
3199 3990
3201 3766
3201 6242
3201 7681
3202 9938
3202 6903
3203 7386
3205 4419
3206 9534
3206 9403
3207 6585
3208 4329
3210 8683
3210 4240
3212 5739
3213 9743
3214 3785
3215 9477
3216 8487
3216 6049
3217 7270
3218 8335
3219 9861
3220 8735
3220 6735
3222 6602
3222 7470
3222 3611
3223 7894
3223 4351
3224 8480
3225 8074
3226 4071
3228 6050
3228 8576
3229 6067
3231 3270
3232 4559
3232 4261
3233 4114
3233 7706
3233 5257
3234 4069
3235 8909
3235 9982
3236 7738
3236 8873
3238 8708
3239 6011
3239 7891
3239 9710
3239 5091
3240 7875
3240 5794
3241 3434
3241 4075
3243 8815
3243 7730
3244 3933
3244 8912
3244 5908
3245 5885
3245 4965
3246 7609
3247 3338
3248 6651
3249 8491
3249 8513
3250 6942
3250 9133
3250 6683
3251 8684
3251 5259
3251 7049
3252 5625
3252 6735
3254 3893
3258 4016
3258 9918
3259 4752
3259 4895
3260 9752
3260 8942
3261 7516
3262 9404
3263 8128
3263 4981
3264 6506
3264 7279
3265 3469
3265 8747
3266 8323
3268 3272
3268 8491
3269 9026
3271 6769
3273 8506
3274 6227
3274 5271
3275 7976
3275 7209
3276 7886
3276 4762
3277 9962
3278 8009
3279 3943
3280 3807
3280 9052
3280 8850
3281 7234
3281 8000
3281 9233
3282 6597
3282 9877
3283 4585
3283 3834
3284 8305
3285 7252
3285 7942
3286 6803
3288 5068
3289 5160
3289 8454
3290 7044
3293 4700
3294 4919
3295 4931
3295 5581
3295 3965
3296 5240
3296 4351
3296 9179
3299 6009
3299 6845
3300 9401
3301 8821
3303 4858
3303 7288
3304 7070
3304 9644
3304 5017
3305 8742
3305 5361
3306 6146
3307 4637
3307 6442
3307 4309
3308 8334
3308 6042
3308 4515
3309 7225
3309 8783
3309 9593
3310 3579
3310 7649
3310 7863
3311 7154
3312 7622
3314 4945
3314 9902
3314 5637
3315 4501
3316 7413
3317 5357
3317 5514
3318 7064
3318 3629
3321 9063
3321 8428
3322 3367
3322 6147
3322 6794
3323 8980
3324 4283
3325 3805
3326 9479
3328 3485
3328 7102
3328 8568
3328 6168
3329 5804
3329 3340
3331 3731
3332 5497
3333 7438
3334 4285
3334 8064
3335 4313
3337 4357
3338 7501
3339 9073
3340 7260
3341 7962
3341 9385
3342 8482
3342 4213
3343 7144
3344 8572
3345 8499
3345 7912
3346 5640
3347 5338
3347 6986
3348 4346
3349 5783
3349 3988
3349 5809
3350 4843
3351 5207
3351 7111
3352 4678
3352 8563
3352 5097
3353 9944
3353 3545
3354 3555
3356 6997
3356 8642
3357 6715
3357 7212
3358 3503
3358 3945
3358 7794
3359 8313
3362 6261
3362 7924
3363 9182
3364 8286
3364 7491
3364 7932
3365 5833
3366 3868
3369 5798
3369 6847
3370 3480
3370 7938
3370 6070
3370 8321
3371 8436
3372 4069
3373 9920
3374 9554
3374 6468
3375 4936
3375 5286
3375 7261
3375 6773
3375 7380
3376 9772
3377 3639
3377 6043
3378 5355
3380 6056
3381 6368
3382 3789
3382 6064
3383 5383
3384 4592
3384 4173
3385 9850
3387 3918
3388 3961
3389 9252
3389 5464
3389 9785
3389 5497
3390 6216
3391 9675
3392 8787
3393 8040
3394 9750
3394 5633
3395 7558
3395 3438
3396 7692
3397 8755
3397 9214
3398 7735
3399 8795
3400 8693
3401 9448
3403 3831
3404 5558
3404 8272
3405 9344
3406 3720
3406 3414
3407 7902
3407 8549
3408 5780
3408 4870
3409 5042
3410 3472
3411 8157
3411 7131
3412 6415
3413 9590
3414 5936
3415 4893
3415 5734
3416 4101
3416 8038
3417 6922
3417 3908
3419 9260
3420 7503
3422 8182
3422 5746
3423 7851
3423 9102
3423 5474
3424 3694
3425 8077
3427 4251
3428 6371
3428 5796
3429 7391
3430 7254
3430 9705
3430 8017
3431 5330
3431 4328
3432 9119
3432 8864
3432 8806
3434 8303
3435 8872
3436 9369
3436 8596
3436 8087
3437 5904
3442 3957
3442 5219
3442 5663
3443 9774
3443 7223
3444 5650
3446 7686
3448 8590
3450 8731
3450 7207
3452 4247
3452 4655
3454 8083
3455 7457
3455 3756
3456 8935
3456 7935
3456 6684
3457 7272
3457 8756
3458 6679
3459 4852
3459 9174
3462 5350
3464 4764
3464 7442
3465 8124
3465 8698
3468 5954
3471 6288
3473 3999
3473 9549
3473 7838
3474 6742
3474 6813
3474 9490
3475 9722
3475 5985
3476 4039
3477 4412
3477 8062
3477 7267
3478 7728
3478 5375
3479 5181
3481 4334
3481 7567
3482 5815
3483 5857
3484 7186
3484 9963
3486 3889
3486 7217
3488 5253
3488 4697
3490 7774
3490 5549
3491 4118
3491 6370
3491 7808
3491 3667
3492 6741
3492 5639
3493 4708
3494 7817
3495 4222
3495 6809
3496 8758
3496 6372
3499 4687
3499 4286
3500 7571
3500 6131
3500 6996
3501 5443
3504 8071
3504 5709
3505 6613
3505 7797
3506 9590
3507 4824
3508 8670
3508 9652
3508 7155
3509 5228
3510 5513
3511 6942
3512 3537
3513 4278
3514 4903
3515 7315
3517 3607
3517 3793
3518 5749
3519 7093
3519 5201
3520 9373
3520 9627
3521 8458
3521 4358
3522 4205
3523 4630
3524 5725
3524 8231
3524 8368
3525 8483
3527 6029
3528 5256
3529 7611
3530 3872
3531 9863
3532 9247
3533 6115
3533 6702
3534 9451
3534 6957
3535 8555
3536 8271
3536 8787
3536 4465
3538 8253
3539 7800
3541 4666
3541 4841
3542 4712
3544 6458
3545 8330
3546 5776
3546 6165
3546 6885
3546 8840
3547 6765
3548 3564
3548 6792
3548 8292
3548 7386
3550 8497
3553 5681
3554 8313
3554 3803
3555 7683
3557 8456
3558 8812
3559 9367
3559 7205
3560 7969
3560 7059
3561 5613
3561 9386
3562 4971
3562 9546
3563 9274
3565 7478
3565 9420
3565 5020
3567 9379
3567 5172
3568 4704
3569 3907
3569 3773
3569 9119
3570 4952
3570 8848
3572 8131
3572 4708
3573 7693
3573 5344
3575 4420
3576 4907
3576 6191
3577 8577
3578 5327
3580 8802
3580 7299
3581 4724
3584 5698
3585 8041
3586 3997
3586 6421
3588 8233
3589 7599
3590 8052
3591 5878
3592 3735
3594 8103
3595 9708
3596 5688
3597 8013
3598 7506
3598 5424
3599 4481
3599 8846
3599 6170
3599 5255
3600 9870
3600 8222
3601 8440
3602 4269
3603 7135
3603 6224
3604 9470
3605 6487
3608 8164
3611 9383
3611 4893
3612 9308
3612 6349
3615 9195
3616 7160
3617 5948
3617 7271
3617 4831
3619 5351
3621 5826
3623 5206
3623 7690
3624 6985
3625 5081
3626 6465
3627 5693
3627 6774
3629 5499
3630 5235
3630 5266
3630 6483
3631 4812
3631 3908
3631 3936
3632 3852
3633 6916
3634 3936
3634 5591
3635 8591
3635 7366
3637 4901
3637 7538
3638 6094
3640 9335
3640 7250
3641 5912
3641 9717
3642 8730
3643 8270
3643 7929
3644 3808
3644 8253
3645 7329
3646 5409
3646 9197
3646 4545
3647 3810
3648 4966
3649 9128
3649 9899
3649 9766
3650 4312
3651 5672
3652 3771
3653 8386
3653 4238
3654 8888
3654 4170
3655 8990
3655 7764
3656 7561
3656 6087
3657 6978
3657 8214
3658 7013
3659 4768
3659 9964
3659 8725
3659 6309
3660 8928
3662 8211
3663 6540
3663 7913
3664 9025
3664 5391
3665 5040
3665 4776
3665 7480
3666 7291
3666 6430
3666 5119
3667 7764
3667 4099
3668 8854
3669 6891
3671 6770
3672 8003
3673 7543
3673 9843
3674 6214
3675 3826
3676 7012
3676 9956
3676 7727
3677 7844
3677 4819
3678 7869
3679 7551
3681 9733
3682 9918
3684 6043
3684 6544
3685 5709
3686 9665
3687 9528
3688 5352
3689 5345
3690 8548
3693 7377
3694 5164
3695 9072
3696 5297
3698 7189
3700 4214
3701 9489
3702 4007
3703 3785
3705 7569
3706 8180
3707 7872
3707 4439
3707 3814
3708 3898
3709 6245
3709 8663
3710 8625
3711 6324
3711 8867
3712 6484
3713 8318
3715 4382
3716 4939
3719 5105
3719 6322
3719 9077
3720 8680
3722 7358
3722 9482
3723 5784
3723 6307
3724 4056
3725 5350
3726 5103
3726 8671
3726 8848
3726 7893
3728 3855
3729 5907
3729 4690
3729 5044
3730 8798
3731 5661
3732 7568
3732 9814
3733 9877
3734 5358
3734 5206
3735 5097
3736 7132
3736 6227
3737 9243
3738 6567
3739 9422
3739 9385
3740 8555
3741 5563
3742 8833
3743 5131
3744 3850
3744 9564
3745 3851
3746 5711
3747 7998
3748 8560
3749 5577
3749 6041
3750 9626
3750 7201
3752 3870
3753 5033
3754 5375
3755 6445
3755 8470
3756 5492
3756 9222
3756 5577
3758 8539
3758 5408
3758 5259
3759 4238
3761 5980
3762 9392
3762 6686
3764 9344
3764 7209
3768 6673
3768 4224
3769 6295
3772 6149
3772 6037
3773 7849
3774 6366
3775 4023
3775 4925
3776 4949
3777 4872
3778 9735
3778 6966
3779 6289
3779 5225
3780 6976
3781 7316
3781 5582
3781 8912
3782 7125
3783 4486
3784 4442
3787 4600
3788 7674
3788 7201
3788 7056
3790 6785
3790 5382
3790 5131
3791 6362
3792 9461
3792 5516
3793 5259
3794 7600
3795 6854
3795 8224
3796 9257
3796 4813
3799 6537
3800 5451
3800 6777
3801 8998
3801 7591
3802 4128
3802 8776
3802 5176
3803 8780
3804 7152
3805 7380
3805 5067
3806 8178
3806 9383
3807 7141
3809 6075
3810 8462
3811 7309
3811 7914
3812 4810
3812 4233
3812 5273
3812 4277
3813 8199
3815 4610
3815 8447
3815 7055
3816 8820
3816 7302
3816 4374
3817 4853
3818 7590
3819 7933
3820 4729
3821 9153
3821 9790
3823 3943
3823 7721
3825 4214
3827 4093
3828 6822
3828 4146
3829 9891
3830 4522
3830 9215
3830 5584
3830 3833
3831 4805
3831 7823
3832 7479
3832 3990
3833 4026
3834 5070
3835 8299
3836 4137
3837 6630
3838 8380
3838 6927
3839 4544
3839 7393
3840 6973
3840 6206
3841 4316
3841 8338
3843 6844
3843 9912
3843 6483
3844 3969
3845 7045
3846 9404
3847 6534
3847 8244
3847 9615
3847 9285
3848 9624
3849 6900
3852 4738
3853 9175
3853 3949
3856 9967
3856 4315
3857 7436
3858 4058
3859 7777
3859 9467
3860 7086
3861 5128
3862 4256
3863 9743
3863 5478
3865 6874
3866 5995
3866 8911
3867 3971
3868 7362
3869 9695
3870 6555
3872 4343
3872 8417
3872 8165
3873 4096
3874 6939
3875 8434
3875 6750
3876 9040
3877 5190
3877 7553
3877 8071
3879 9766
3879 4059
3880 7909
3881 6362
3881 6590
3882 7457
3883 8773
3883 8823
3885 5643
3885 9890
3885 3959
3886 8491
3889 9274
3891 6368
3892 8025
3893 7038
3893 6074
3895 8345
3895 6138
3896 6731
3896 5560
3897 6018
3897 3960
3898 4116
3899 8902
3900 4613
3900 4469
3900 4301
3900 6245
3901 4868
3902 8576
3903 5797
3904 9830
3904 4284
3905 5063
3905 7277
3906 4782
3908 5283
3909 7001
3909 7092
3909 9519
3910 4864
3910 8728
3911 7416
3911 7784
3911 8201
3912 8112
3912 5613
3913 8242
3914 8053
3916 5510
3916 9212
3917 8262
3917 6467
3917 4406
3918 9793
3918 9261
3920 6111
3921 4154
3922 5705
3924 9413
3925 7483
3926 7441
3926 8184
3926 5825
3927 8544
3928 7988
3928 8658
3928 8832
3929 9682
3930 8762
3931 8864
3932 9167
3933 7549
3934 9124
3934 7082
3934 9045
3935 5773
3936 6300
3937 6060
3937 9654
3938 5122
3938 9281
3938 6920
3939 8012
3939 8360
3939 6068
3940 4144
3941 9288
3941 6180
3944 6031
3944 6176
3944 7613
3946 8236
3946 7729
3947 7492
3947 4235
3948 9497
3948 5124
3949 9523
3949 7345
3950 8391
3952 8547
3953 5617
3954 6723
3955 7486
3956 5855
3959 8424
3959 7353
3960 6606
3960 7587
3960 4601
3960 4770
3961 5752
3961 9826
3962 6783
3962 7058
3962 4348
3963 5855
3964 6430
3965 9629
3966 8417
3967 9815
3967 8011
3967 4636
3969 4429
3970 5824
3972 4171
3973 4136
3974 5747
3974 7234
3975 5457
3975 8005
3975 9440
3975 7596
3975 5960
3976 4495
3977 6256
3978 7505
3979 6548
3980 5690
3980 6386
3982 6858
3983 9763
3984 6890
3985 5769
3986 7744
3986 9814
3987 5223
3987 5702
3987 7756
3988 6017
3989 9505
3990 6920
3990 5464
3991 4344
3993 8411
3993 4259
3993 5312
3994 4972
3995 6561
3996 8635
3998 7571
4001 9033
4001 9728
4001 4227
4003 8650
4003 7322
4004 7686
4006 9208
4008 5785
4009 5011
4009 9847
4010 6771
4012 7669
4013 4040
4013 5735
4013 8126
4013 6676
4014 4822
4015 9417
4015 9132
4016 8575
4016 8797
4017 6521
4017 5741
4018 8982
4020 5431
4021 7690
4022 5812
4024 4381
4025 6162
4027 4154
4028 7447
4029 7425
4030 4119
4031 6981
4032 4538
4032 6171
4033 7346
4034 5808
4034 6621
4035 4655
4038 5865
4039 4158
4039 8162
4041 8292
4042 4827
4043 4945
4044 7433
4045 4058
4046 5248
4047 7856
4048 7944
4049 7020
4050 7198
4053 7378
4053 6125
4053 6754
4054 6309
4055 7775
4055 5756
4059 8363
4059 4409
4059 7303
4060 5319
4061 8636
4063 6082
4063 5068
4064 5654
4065 5488
4065 4361
4067 9542
4068 4362
4068 8228
4070 5871
4070 6562
4071 7211
4071 8139
4071 5599
4072 8484
4072 9801
4072 4770
4075 5788
4077 4800
4078 8506
4079 9205
4079 8369
4080 4096
4081 8977
4081 4255
4083 9964
4084 5147
4084 6916
4085 5671
4085 5913
4087 9477
4089 9796
4089 5254
4090 5999
4091 6808
4091 4492
4092 5858
4094 5676
4096 9674
4096 6316
4097 6999
4099 4252
4100 6418
4100 8821
4102 9435
4102 6724
4103 5045
4103 9099
4104 6594
4105 5186
4106 6971
4107 8757
4109 7612
4109 5772
4110 9880
4110 9975
4110 6204
4111 9967
4113 4866
4115 8101
4116 7942
4116 8322
4117 9476
4119 6119
4120 7015
4120 6146
4121 4257
4121 6318
4121 8016
4122 8223
4122 9641
4122 9909
4123 8696
4124 5397
4124 4970
4124 8437
4126 7226
4126 9600
4127 5796
4128 5685
4129 7185
4130 6560
4130 9369
4132 9094
4134 8403
4135 6865
4136 9428
4136 9022
4138 8590
4138 8414
4139 8100
4139 4188
4140 7753
4141 8078
4142 6244
4143 6698
4144 9559
4145 8002
4146 6254
4147 9748
4147 4509
4148 8384
4148 5026
4148 8266
4149 9129
4150 7618
4150 8430
4150 6701
4150 7309
4152 5427
4152 8764
4153 6312
4154 6156
4155 5398
4156 7652
4160 8206
4160 9390
4160 9668
4160 8196
4162 4452
4163 9823
4164 9573
4164 4263
4166 9937
4167 6366
4167 7371
4168 7667
4169 9217
4170 5449
4170 4838
4171 5805
4172 6937
4172 4382
4172 9599
4173 5917
4173 7125
4174 8722
4174 5707
4175 7345
4175 7694
4176 9716
4177 8152
4178 6286
4178 4895
4179 6063
4179 8905
4180 8402
4181 4863
4182 9246
4183 7631
4184 9296
4184 9985
4185 7237
4185 7256
4186 6143
4187 5348
4187 4901
4188 7053
4188 8433
4188 8774
4189 8282
4190 4929
4191 7080
4191 6003
4192 5767
4193 6976
4195 5001
4196 6861
4198 7431
4198 6011
4199 5904
4200 7005
4200 8101
4202 9988
4203 8456
4203 8336
4204 8958
4206 9431
4207 7090
4207 9209
4207 7906
4209 8366
4210 4769
4210 6546
4210 7591
4211 7932
4212 7219
4212 8144
4213 4722
4213 7620
4214 7940
4215 8291
4216 9527
4217 8438
4219 6584
4219 8953
4220 7293
4220 7248
4223 9957
4224 8352
4224 9939
4225 8410
4226 8763
4226 5427
4227 4349
4227 5071
4227 9966
4228 9278
4228 8655
4229 4553
4232 5547
4233 6650
4235 7845
4235 8213
4236 5592
4237 8101
4237 6472
4238 8148
4239 7774
4241 7999
4242 9121
4242 8883
4242 5990
4243 4786
4244 8610
4245 6729
4245 8762
4245 5904
4246 9078
4248 7528
4248 4963
4249 7130
4250 5602
4251 9685
4252 4624
4252 8623
4253 6920
4254 7045
4255 8296
4258 9809
4259 6905
4260 9077
4261 6637
4262 8132
4262 7067
4263 7710
4263 4490
4264 5996
4264 8194
4264 5510
4265 8232
4267 4737
4268 4798
4269 8866
4270 9177
4271 5819
4272 5789
4272 8564
4273 8089
4274 6614
4275 5467
4276 8253
4277 6304
4277 8316
4277 5146
4278 4451
4279 5984
4280 6993
4280 6085
4281 8297
4282 5649
4283 5058
4284 4861
4284 8085
4286 6283
4286 6707
4288 5421
4290 5195
4291 4902
4292 4803
4292 7186
4293 6494
4293 5846
4295 6893
4295 9401
4296 9608
4297 4340
4297 8939
4297 5518
4298 7197
4301 7355
4301 9621
4302 6535
4303 9081
4304 6652
4305 8935
4306 9405
4307 8238
4307 9433
4307 8017
4308 6778
4308 7049
4308 5606
4309 4556
4309 5111
4309 8878
4311 9143
4311 7232
4311 4883
4312 6791
4312 5896
4313 4921
4315 9746
4316 7069
4316 6514
4318 7783
4319 9972
4320 4521
4321 7900
4321 8738
4321 9185
4322 8874
4323 7161
4323 8118
4324 6146
4324 7770
4325 8525
4327 8205
4328 7462
4328 7350
4328 9401
4329 8907
4330 6161
4332 6104
4335 6907
4335 4407
4337 7501
4340 6979
4342 6043
4344 8902
4346 7820
4346 7675
4347 9209
4348 7177
4350 5895
4352 4948
4354 5180
4354 4479
4355 9569
4355 5664
4357 8645
4357 5993
4358 5611
4359 8259
4359 5916
4360 4554
4360 7869
4360 7677
4361 5409
4363 7276
4363 4846
4364 4824
4364 6975
4364 5277
4365 5217
4366 9363
4366 8025
4370 9278
4371 9474
4372 7714
4375 8155
4376 9357
4376 5007
4377 5941
4378 9298
4379 6796
4380 8554
4381 9911
4381 4831
4382 9553
4382 8442
4385 5888
4385 7523
4387 9426
4388 8079
4388 9227
4389 6629
4390 7314
4391 4557
4391 6589
4391 7862
4391 6945
4393 6342
4394 9729
4395 9169
4395 5701
4396 6765
4396 4941
4397 5202
4398 9698
4400 6919
4400 6541
4401 7593
4402 5371
4402 6419
4402 7275
4403 7789
4404 6757
4406 5659
4407 4696
4407 5136
4408 8991
4409 5565
4410 4976
4410 7690
4417 9552
4418 5762
4418 8927
4421 9227
4421 7982
4422 5293
4422 4666
4423 7738
4424 6774
4424 7454
4426 7726
4426 5614
4427 4512
4428 9322
4430 5821
4430 8427
4431 7418
4431 8781
4432 9266
4432 8654
4433 7385
4434 6620
4434 8797
4435 4606
4435 8648
4435 8078
4438 5874
4438 7937
4439 8346
4441 9355
4442 7356
4442 6049
4445 4802
4446 9133
4447 6384
4447 7653
4447 7839
4448 8160
4449 6247
4450 9241
4450 8373
4451 7546
4454 5096
4455 5119
4456 4496
4456 9286
4457 9832
4459 7968
4460 9977
4461 9721
4462 5069
4463 8498
4464 4491
4464 9995
4465 6953
4467 6491
4467 6298
4468 6022
4470 9420
4471 7188
4472 6900
4473 5078
4473 7807
4473 9956
4474 7697
4476 5951
4478 6492
4479 8884
4480 8163
4480 5940
4482 6847
4483 6575
4483 4692
4484 7864
4484 5057
4485 7363
4486 7780
4486 8406
4486 9749
4487 4933
4487 6816
4488 6695
4488 9311
4488 4652
4489 6022
4489 4959
4490 7046
4491 4723
4491 4621
4492 5340
4493 7814
4494 6319
4495 7417
4497 7798
4498 7051
4498 5308
4499 8785
4500 7191
4500 8121
4500 5954
4501 8081
4502 9018
4502 8341
4503 5470
4504 8724
4504 8495
4505 7021
4505 6480
4506 6296
4506 7827
4506 8247
4507 8007
4508 4790
4510 4585
4511 7734
4511 6416
4512 5652
4514 9237
4514 6887
4515 8462
4516 7340
4516 9599
4516 7318
4517 9828
4518 9201
4519 6582
4519 5445
4520 5440
4521 5711
4522 8766
4523 9925
4524 9482
4524 5921
4525 5960
4528 9849
4529 5056
4531 9611
4531 5566
4531 9892
4532 6167
4533 9579
4534 5360
4534 8483
4535 4909
4535 9449
4536 7021
4537 6662
4539 7750
4539 8193
4539 8685
4540 6346
4541 6163
4542 9859
4543 9059
4543 8608
4545 8239
4546 5902
4546 5311
4547 6356
4548 8965
4548 7474
4549 8187
4549 8652
4550 4641
4551 9508
4551 8141
4552 7846
4554 6880
4558 6922
4559 6691
4559 6249
4562 4727
4564 8602
4565 6790
4565 4889
4566 4793
4566 4926
4567 9474
4569 8776
4570 8975
4571 8191
4572 5682
4573 5744
4574 9688
4574 6084
4575 8758
4576 5392
4576 9950
4578 8847
4579 6603
4580 9071
4581 5090
4582 7942
4583 6254
4584 4688
4584 6978
4586 9943
4587 7344
4587 4963
4589 4770
4589 5674
4590 6479
4591 7623
4593 9607
4595 9050
4595 5128
4596 4673
4596 8510
4597 8287
4597 5918
4598 7532
4599 8531
4600 8856
4601 6065
4601 7662
4602 5770
4602 9352
4602 8058
4604 7022
4605 8784
4606 5949
4606 9362
4607 5818
4608 6007
4608 5763
4611 6523
4612 9496
4613 6513
4614 7477
4615 7852
4615 9462
4616 4956
4616 8077
4617 8245
4617 7646
4618 7903
4618 6174
4619 9719
4620 8536
4621 5307
4622 6916
4622 8991
4623 6858
4623 4783
4625 8550
4626 5860
4626 5831
4627 7280
4628 5259
4629 6802
4629 7888
4630 6598
4630 7789
4630 9017
4630 5410
4631 7808
4632 8293
4633 9655
4634 7657
4635 8665
4635 9076
4636 7187
4640 6210
4642 7454
4642 9193
4643 4748
4644 7432
4644 6614
4645 5944
4646 5739
4646 5643
4647 8028
4647 6158
4648 9467
4649 9247
4650 5880
4651 6594
4652 6197
4653 8474
4656 9027
4656 7458
4657 9962
4658 6404
4660 6128
4662 6089
4663 7592
4667 9114
4667 8304
4668 5173
4669 9784
4670 9708
4670 8767
4672 7192
4674 5061
4675 9947
4676 6781
4679 9264
4680 8857
4681 7967
4682 9539
4682 6592
4683 9612
4684 7622
4685 6116
4685 7600
4685 6574
4686 9292
4689 4857
4691 5931
4692 4891
4694 9717
4695 9973
4696 6140
4697 9039
4697 7346
4699 5551
4701 9465
4702 6196
4704 5227
4704 7440
4706 9132
4707 6056
4709 5578
4710 7794
4711 7508
4712 7976
4713 8784
4713 5969
4714 7669
4714 9658
4715 9897
4715 9008
4717 5445
4717 8110
4718 6510
4719 5404
4719 5709
4719 8941
4723 5221
4724 7735
4725 5221
4726 9248
4727 5853
4727 9231
4727 6901
4728 5391
4728 4958
4730 7772
4730 8626
4731 8298
4732 6440
4733 9150
4733 8941
4737 6077
4739 7463
4739 5699
4740 6061
4741 4872
4741 9510
4743 5946
4743 9620
4745 9494
4745 9285
4746 7920
4748 5204
4750 5557
4750 8382
4751 6417
4751 6239
4753 9663
4754 9690
4755 9307
4755 8864
4756 7229
4757 8913
4757 4801
4758 6932
4758 9332
4758 9021
4759 7024
4759 7310
4761 5886
4762 5710
4762 7887
4763 7336
4763 8026
4764 8401
4765 5307
4766 6089
4767 8036
4767 8579
4767 5623
4771 6390
4772 8255
4772 5047
4774 9742
4775 5873
4776 7194
4776 5410
4777 6474
4777 7081
4778 7885
4779 6220
4780 5245
4780 6838
4783 9147
4787 9015
4789 7666
4792 6112
4795 5077
4799 5407
4799 6858
4800 7411
4801 4919
4801 6586
4802 5566
4803 8713
4803 9804
4804 5284
4806 8097
4806 7237
4808 8572
4809 4879
4810 7300
4816 9537
4816 9449
4817 7395
4818 8950
4818 9609
4819 5572
4820 9066
4822 4986
4825 6852
4826 6746
4829 4858
4830 5480
4831 5544
4831 8888
4833 8044
4835 8538
4837 7084
4837 8366
4837 9835
4837 5229
4838 9466
4839 9421
4839 7679
4840 5211
4842 7474
4843 7904
4845 6222
4845 5066
4848 9689
4848 7029
4849 9885
4851 8266
4853 7895
4854 6132
4855 7822
4856 7929
4859 5968
4860 7078
4862 5709
4863 9011
4865 5851
4866 6272
4866 9257
4867 9759
4867 9060
4869 6392
4870 7798
4871 9403
4873 6809
4874 6085
4874 9979
4876 7701
4876 6274
4881 8319
4882 9676
4884 5585
4885 8368
4886 8838
4889 8169
4890 8627
4893 9677
4894 5050
4895 9104
4896 5899
4897 7131
4898 7537
4900 9514
4900 9018
4901 9943
4903 8091
4904 5758
4905 6700
4906 7566
4906 7495
4908 6175
4908 9873
4910 9360
4912 5469
4912 7359
4912 9787
4912 9403
4913 5520
4914 6376
4915 5432
4916 6801
4916 7601
4916 7980
4917 7093
4918 7111
4919 8399
4919 9032
4920 8546
4922 8012
4923 8102
4923 5709
4924 6857
4924 9192
4927 9841
4929 8488
4930 8117
4931 5057
4932 6082
4934 5614
4934 8931
4939 5054
4940 5993
4940 6636
4940 6091
4940 7893
4940 9460
4941 6684
4941 7161
4942 8894
4943 5046
4944 5361
4944 5390
4946 8992
4946 8644
4946 5922
4948 6686
4950 6798
4950 8155
4951 8494
4952 9926
4953 5695
4954 6554
4954 7018
4954 7418
4955 5492
4957 9384
4958 9387
4959 6828
4959 5066
4960 9485
4960 9603
4964 6309
4966 6709
4967 8168
4967 8801
4967 5079
4968 7808
4970 7407
4973 9226
4974 9636
4974 8876
4975 5251
4975 5679
4975 7874
4975 5940
4976 9013
4977 6014
4979 6066
4979 8152
4979 9618
4979 8739
4980 6516
4980 5595
4981 5439
4981 8521
4982 9853
4982 5262
4983 9607
4983 5176
4983 9158
4984 9510
4987 9419
4988 5594
4988 5027
4988 5144
4989 9746
4991 5835
4992 8516
4993 6989
4994 5560
4994 8052
4995 7303
4996 7221
4996 6473
4996 6615
4997 9724
4997 5998
4998 8448
5002 7629
5002 9106
5002 6688
5002 5394
5003 5194
5003 5694
5005 8597
5005 8396
5006 7751
5006 5794
5008 9467
5008 8943
5009 7909
5010 5844
5012 5258
5013 6248
5014 9669
5015 8778
5018 9442
5019 8567
5019 5864
5020 9740
5022 7050
5022 8923
5024 7314
5025 5588
5025 9059
5027 7210
5028 5436
5028 8896
5029 7763
5031 7159
5032 6887
5032 8833
5034 8410
5036 8691
5037 8803
5041 9664
5041 6720
5046 7695
5046 8528
5047 6125
5050 8723
5051 6123
5052 9503
5052 8688
5054 6940
5054 9671
5054 8500
5055 6461
5055 8186
5056 9933
5056 9741
5059 9445
5060 7601
5061 6071
5061 5647
5062 8567
5065 5695
5065 6530
5066 6682
5066 7810
5069 7778
5070 7296
5070 9011
5072 5745
5073 8569
5073 6496
5077 8340
5077 6194
5081 6147
5082 8087
5083 9599
5084 6142
5084 5352
5085 6967
5085 9969
5086 8204
5087 5261
5088 6010
5089 5537
5089 9297
5089 7567
5091 5829
5091 8584
5091 6523
5094 5901
5095 6113
5095 6095
5096 8873
5097 7335
5097 6583
5098 9189
5098 8499
5099 6459
5100 7217
5100 8870
5101 8542
5102 9696
5104 5651
5104 5771
5107 7570
5108 6498
5110 6369
5111 8192
5112 6889
5113 9781
5114 9876
5115 8611
5118 5471
5118 8822
5119 5446
5119 9852
5120 5546
5121 6565
5123 7608
5123 9357
5124 8996
5125 5489
5126 7136
5127 9247
5128 9313
5129 6008
5130 5253
5132 6563
5133 9192
5134 9443
5134 6360
5135 6643
5135 5263
5136 7148
5138 5322
5139 6963
5140 8476
5141 9869
5141 5857
5142 9024
5144 9330
5144 7476
5145 9346
5145 5551
5146 8744
5150 6476
5152 7163
5154 8696
5155 7321
5156 7724
5157 5677
5159 7094
5161 9704
5161 8157
5162 8270
5166 6505
5167 6316
5167 8086
5168 6496
5168 8567
5169 8571
5170 9600
5171 6951
5171 7462
5172 7907
5172 7165
5173 8807
5174 7433
5175 7124
5175 7785
5177 8611
5181 8281
5183 6170
5185 6863
5187 8335
5189 7105
5191 6642
5191 9242
5197 9736
5198 9851
5199 8417
5200 9755
5200 7599
5201 8790
5203 9670
5204 8746
5205 7474
5205 9283
5207 7422
5211 5533
5211 6007
5212 8382
5214 6913
5214 8592
5214 5346
5214 9000
5214 6637
5215 9183
5215 9159
5216 6660
5217 9194
5218 7604
5218 7931
5218 7708
5218 5651
5219 5935
5220 9459
5222 7306
5222 9184
5226 8950
5228 9993
5230 6579
5231 5738
5232 9936
5233 9950
5233 5254
5234 9341
5236 6454
5236 6316
5237 6334
5238 7250
5238 9284
5239 9998
5241 7536
5242 9889
5243 7749
5243 6408
5244 8987
5245 6148
5245 8522
5246 6009
5247 7551
5248 8978
5250 5477
5252 8580
5253 7906
5255 6577
5256 7829
5257 7181
5258 7683
5260 9251
5260 5455
5262 8376
5264 9536
5264 9546
5265 5466
5268 6623
5268 5353
5269 8944
5270 5794
5271 7868
5272 6110
5272 8347
5273 6557
5274 6277
5275 5421
5275 7007
5275 8306
5275 9259
5276 5379
5276 6676
5278 9595
5279 6495
5281 5777
5284 5307
5285 9120
5286 5608
5287 7635
5288 5332
5289 5650
5290 6622
5291 8051
5292 9645
5295 5524
5295 7858
5296 8024
5298 5545
5300 8446
5301 7247
5303 6248
5303 8466
5304 9927
5305 6753
5305 7622
5305 7476
5305 8480
5306 5454
5306 9962
5307 9820
5308 8373
5309 9034
5309 5353
5310 5701
5312 7423
5312 7626
5313 7077
5313 7124
5314 6948
5314 7314
5314 8990
5315 6263
5316 6078
5316 9667
5316 7307
5317 7208
5318 5595
5319 9065
5319 7012
5320 9386
5322 8470
5323 7980
5323 9913
5323 9955
5324 9459
5324 8517
5325 8573
5325 8417
5326 8715
5326 7813
5327 7821
5328 7648
5328 7904
5329 7118
5329 6404
5330 9262
5330 9513
5330 7155
5330 6776
5331 7886
5332 9622
5332 9612
5333 6355
5334 7207
5335 9091
5337 5801
5338 5459
5339 8657
5339 6236
5340 7754
5341 6789
5341 6973
5343 9572
5344 7730
5346 8937
5347 5398
5348 8854
5349 5521
5350 8933
5351 6533
5351 9666
5352 6215
5353 5896
5354 8181
5354 6853
5354 6592
5355 5774
5359 8678
5363 6400
5363 9880
5364 7308
5365 9799
5365 9929
5366 8716
5368 7786
5369 7585
5370 8903
5370 8546
5370 9436
5374 6724
5376 9010
5377 9598
5380 6512
5381 9316
5382 9006
5383 6102
5384 5598
5385 5845
5387 9370
5389 6847
5390 8446
5393 6646
5394 6456
5394 5411
5397 7103
5397 7879
5398 6976
5398 5825
5399 7379
5399 8172
5400 7410
5401 6977
5402 7502
5403 9841
5403 9929
5405 5777
5406 7513
5408 5453
5408 9718
5409 7150
5410 6744
5411 5538
5412 5782
5413 6400
5414 8619
5415 9098
5416 9755
5417 8485
5418 6299
5419 6918
5419 6723
5420 6672
5420 6544
5420 6313
5423 7847
5423 8694
5424 5661
5425 7625
5425 7276
5426 6236
5428 8669
5429 6466
5429 9454
5430 7275
5431 6270
5431 6805
5434 6103
5434 9234
5436 8558
5437 8796
5438 9279
5440 7440
5440 9452
5442 9427
5444 6176
5446 7787
5447 9528
5448 5788
5450 7590
5456 8524
5458 7042
5458 7374
5458 5738
5460 9577
5460 7301
5464 8607
5465 6033
5466 9255
5467 8148
5468 6482
5468 6697
5468 7857
5470 8789
5472 7162
5473 8477
5475 8474
5476 9775
5476 8521
5477 8077
5478 9745
5479 6524
5479 9698
5479 6289
5480 8099
5481 7046
5482 6381
5483 7606
5484 5860
5486 8065
5487 5752
5488 9135
5489 7423
5494 7698
5495 8935
5496 6477
5496 5861
5496 9862
5497 8183
5497 7034
5497 8424
5498 7171
5498 6965
5498 5767
5499 6499
5500 6709
5501 6134
5502 7581
5502 9389
5502 9817
5503 5720
5503 6605
5504 8206
5505 8796
5505 6688
5506 6568
5507 9196
5508 9405
5509 8902
5511 8660
5513 6901
5514 9349
5514 7838
5514 6773
5515 7974
5517 6580
5518 7767
5519 7211
5520 6963
5520 9223
5520 7232
5521 8921
5522 9624
5523 5624
5524 6528
5525 8685
5526 7486
5527 7912
5531 7928
5531 8393
5531 9112
5532 7832
5534 6631
5536 7842
5536 6520
5538 8619
5539 8398
5541 8698
5542 9737
5543 8685
5545 9168
5546 8263
5546 9089
5547 9317
5548 6213
5550 5625
5551 8405
5551 6353
5552 7584
5552 6883
5553 8337
5554 6895
5556 8586
5559 7466
5559 7704
5562 7491
5563 6786
5563 9746
5564 6754
5565 7143
5566 9852
5569 9256
5570 9881
5571 7788
5571 8847
5571 8677
5571 6130
5572 7039
5572 8495
5572 7770
5575 5966
5575 8242
5576 5786
5577 8672
5577 9516
5578 6562
5578 5716
5579 9336
5581 6502
5583 7165
5584 9994
5585 6740
5589 6617
5590 8917
5590 7444
5593 5748
5593 6387
5593 6751
5595 6412
5596 8638
5597 6513
5598 7884
5598 8220
5599 5992
5599 6463
5599 5908
5603 8156
5604 7490
5605 9064
5607 9723
5608 7546
5609 6425
5609 6968
5609 9704
5610 9290
5612 8195
5613 7556
5613 9798
5615 8707
5617 8426
5618 7920
5619 6264
5619 6523
5621 9412
5622 6767
5623 9973
5624 5692
5626 6284
5626 8690
5627 9858
5628 6893
5629 9715
5629 9884
5632 8641
5634 8347
5637 6663
5637 6776
5639 6373
5640 9529
5642 8560
5644 8035
5645 7659
5646 7055
5647 8806
5654 5827
5654 7163
5656 5716
5660 6318
5661 8350
5664 6539
5665 7125
5666 9546
5668 7203
5670 6319
5670 7268
5673 9874
5673 7279
5678 7461
5680 6854
5681 9862
5681 7969
5682 7137
5682 7435
5683 9872
5684 5969
5686 8119
5687 9496
5689 6004
5689 7681
5691 9581
5692 6087
5694 7426
5696 7936
5697 6981
5697 8553
5699 8455
5700 7337
5700 8353
5700 8212
5703 6230
5703 7274
5703 7832
5705 5871
5706 6209
5712 6488
5713 9200
5714 5946
5716 8520
5717 8744
5718 5923
5718 5956
5718 9648
5718 6585
5719 6317
5721 6535
5721 7521
5721 9548
5722 9736
5722 9867
5722 6346
5725 6890
5726 9727
5728 6918
5729 7768
5730 5754
5731 8858
5731 8994
5732 9074
5733 6256
5733 9410
5734 9054
5734 9192
5736 6346
5738 7683
5740 7136
5741 9023
5743 9732
5743 8164
5745 6760
5746 9442
5750 9672
5750 9345
5755 9992
5756 9453
5757 5868
5757 6759
5759 7592
5759 6269
5760 8976
5760 6168
5761 6833
5763 8823
5763 8479
5766 7263
5767 6421
5768 7652
5769 5872
5770 9235
5771 9392
5772 7091
5774 5782
5775 8047
5777 6638
5778 6175
5779 9514
5781 7402
5781 8647
5781 6462
5782 8271
5785 7416
5787 8693
5788 9535
5790 6397
5790 7934
5790 6102
5791 6569
5791 7665
5792 6881
5792 8130
5794 6355
5795 7573
5797 9764
5798 7898
5799 7214
5800 9993
5800 7030
5801 8826
5801 6965
5802 9626
5803 6029
5804 6787
5806 8759
5807 7811
5807 8337
5809 7908
5809 6268
5811 6122
5811 8363
5812 9964
5813 8534
5814 8359
5816 8405
5818 8889
5819 6974
5820 7916
5820 6897
5822 7904
5822 5957
5823 6304
5827 8472
5828 8992
5831 6608
5832 6388
5834 9388
5834 6614
5834 9075
5836 6145
5836 7182
5839 9819
5839 9060
5841 6719
5841 7143
5842 8729
5843 5976
5843 8562
5844 5922
5845 8111
5846 9321
5847 6536
5847 7805
5848 6392
5848 6571
5848 6573
5849 8064
5850 8197
5856 8151
5856 8200
5858 7793
5859 6536
5861 6349
5862 9903
5864 8910
5864 7406
5865 7609
5870 7578
5875 8141
5876 6361
5877 9976
5879 6629
5881 6063
5883 9507
5884 7056
5887 6238
5889 9213
5891 7548
5892 6075
5892 6227
5894 7814
5894 9322
5895 7753
5896 8326
5897 9049
5898 6299
5898 8683
5899 9061
5899 8315
5900 6274
5900 6203
5900 8061
5902 7670
5905 9249
5906 7972
5908 9185
5909 7312
5909 6650
5910 9341
5911 8157
5913 6452
5913 8673
5914 6465
5914 7663
5915 8532
5916 7273
5919 9425
5920 6692
5920 8574
5924 6051
5924 9093
5926 6660
5926 8751
5926 9756
5926 8508
5926 7707
5926 8082
5927 6246
5927 7712
5927 6454
5928 7627
5928 6771
5930 6784
5932 9951
5933 8711
5936 9028
5936 7875
5938 8620
5939 6709
5939 9678
5939 7649
5941 6517
5941 6914
5942 6835
5943 6416
5943 6480
5944 8540
5944 7806
5945 8830
5946 6086
5947 6449
5950 9276
5951 8710
5952 8639
5953 7929
5953 6208
5954 8543
5957 8883
5958 6946
5959 7637
5961 7923
5961 8198
5962 7532
5962 9336
5963 7250
5964 7381
5964 8086
5965 6990
5965 6151
5967 7009
5968 7418
5970 8333
5972 9888
5972 7792
5974 7018
5975 8386
5978 8099
5978 8632
5978 8933
5979 8020
5980 6193
5983 9160
5985 6294
5986 6361
5987 9074
5988 8952
5989 7099
5989 6375
5990 6734
5990 7519
5990 6261
5994 8844
5994 6533
5997 9315
5997 8716
5998 8616
6000 6069
6000 6750
6000 8582
6002 9053
6005 6744
6008 8734
6008 9178
6013 7909
6014 8116
6015 6155
6017 6532
6020 8444
6021 7291
6023 9004
6024 6221
6025 9827
6025 8418
6027 6133
6029 9626
6030 9228
6032 7205
6032 7561
6034 6957
6035 8960
6036 8455
6036 9545
6037 7830
6037 7119
6039 6279
6039 7876
6042 8269
6044 9300
6044 7059
6046 9808
6047 6508
6047 8199
6048 7555
6049 9867
6050 6152
6051 8221
6051 8243
6051 9312
6051 6728
6052 6653
6053 7458
6053 9224
6054 8419
6054 8550
6057 6455
6057 9969
6057 8632
6059 6615
6062 8681
6069 8225
6070 8868
6070 8962
6072 7340
6073 9630
6074 8575
6079 7292
6080 8207
6080 8304
6081 7678
6083 9325
6084 7302
6088 7074
6088 6794
6088 9445
6089 8598
6089 9423
6091 7061
6092 9134
6095 6290
6095 8403
6096 7676
6097 7954
6098 9402
6100 7100
6101 9832
6102 6195
6105 7114
6106 9350
6107 8001
6109 6518
6109 9287
6111 8407
6113 9996
6115 9872
6117 6359
6118 8164
6118 7792
6121 9597
6122 7816
6122 9190
6123 6823
6124 7229
6124 7605
6126 8349
6128 6723
6130 6481
6131 8142
6134 6945
6135 8608
6137 9538
6137 9203
6138 8646
6138 7468
6143 7305
6143 9324
6146 9206
6146 9556
6153 6768
6153 8634
6155 7078
6158 7630
6158 8269
6160 6763
6160 9744
6161 6606
6162 9662
6163 8274
6166 8099
6169 6930
6171 7616
6171 7602
6171 7470
6172 8184
6174 8397
6174 9720
6176 6941
6177 9521
6179 7639
6179 7335
6181 8871
6183 8704
6184 7741
6186 7261
6187 6576
6189 7854
6192 9868
6192 8691
6193 8747
6194 7809
6197 6462
6199 6970
6200 9881
6201 9598
6201 9509
6202 9702
6203 8895
6204 7868
6204 8953
6206 6220
6206 8480
6207 7676
6208 7957
6209 7557
6209 6655
6212 6901
6215 7187
6216 7107
6216 6443
6223 9656
6224 6972
6224 7640
6225 7320
6228 9230
6229 7214
6229 7145
6231 9683
6232 9893
6232 7339
6233 8077
6234 8927
6234 6697
6236 7159
6237 9298
6238 8230
6240 9460
6240 9871
6241 9980
6241 9777
6244 7041
6246 7008
6247 9807
6249 9233
6250 7544
6251 7018
6252 8027
6253 7997
6254 6732
6255 8760
6256 9359
6257 7235
6258 8432
6260 6575
6262 9979
6264 7883
6265 8229
6266 9105
6266 9431
6271 9980
6273 9357
6274 6925
6275 7400
6276 7273
6277 8994
6277 8731
6278 6899
6280 8926
6282 8824
6283 9601
6286 7199
6288 9487
6291 9988
6291 9047
6292 9091
6293 7949
6293 9068
6293 6636
6294 8235
6295 9515
6296 7795
6297 6821
6298 9760
6298 7583
6301 9253
6302 7231
6303 6493
6306 9289
6308 9019
6309 8184
6311 6927
6311 9073
6313 7095
6313 8073
6314 6930
6314 6716
6317 8696
6319 8454
6320 8140
6320 6917
6321 7534
6321 8404
6323 7506
6325 9383
6327 9641
6328 9287
6329 9496
6331 6685
6333 8359
6334 7201
6335 8624
6335 7745
6337 9020
6338 8618
6338 6976
6339 8310
6341 6929
6341 7164
6342 8861
6342 9989
6344 8984
6345 7536
6346 9792
6347 6421
6348 7151
6348 9795
6349 9088
6350 8917
6352 8869
6353 9392
6354 9224
6355 6471
6356 8179
6356 7110
6357 7784
6360 6746
6361 9703
6365 9947
6367 8534
6368 9737
6371 7944
6372 6967
6373 7538
6374 7531
6379 6979
6380 9909
6382 9223
6383 9192
6383 9787
6385 9480
6385 9986
6390 9248
6391 8596
6393 8011
6394 6555
6394 8390
6395 7890
6398 9542
6398 9906
6398 8587
6404 6701
6405 8637
6406 6423
6406 6960
6407 7319
6408 8149
6408 8475
6408 9127
6410 7206
6414 7317
6414 7303
6414 8250
6421 9247
6421 8155
6422 6468
6427 9274
6430 8740
6431 6444
6431 6553
6431 8188
6432 9639
6433 7981
6434 9693
6434 9204
6435 8221
6436 7929
6439 9829
6441 9472
6441 7990
6442 8629
6443 7390
6443 6946
6443 8488
6445 6450
6446 7794
6447 8622
6449 7349
6453 7577
6457 8655
6460 9653
6461 7603
6463 6616
6467 6894
6468 7200
6468 8169
6469 7674
6470 8213
6472 6811
6474 7446
6475 8122
6478 9488
6479 7920
6480 8672
6481 9260
6483 8444
6485 7526
6486 8922
6486 8378
6487 9972
6489 6551
6489 9366
6493 8192
6495 7783
6497 9396
6498 8653
6499 6839
6500 9575
6503 7488
6507 6835
6507 8975
6509 6983
6510 9367
6512 9245
6512 9752
6514 7127
6514 9818
6518 9858
6519 8337
6520 9439
6520 7846
6522 6651
6525 9314
6525 7201
6526 9131
6529 7888
6531 8253
6536 8953
6540 6875
6541 6913
6543 7424
6544 9280
6545 9285
6545 9273
6546 6595
6546 6639
6548 6635
6549 7299
6550 9331
6550 8444
6552 9318
6553 7766
6557 9338
6561 9032
6565 9138
6565 6825
6570 8450
6572 7016
6574 8966
6576 7330
6580 8337
6580 7087
6581 7144
6581 8874
6583 6759
6583 7570
6586 9319
6591 7716
6592 8531
6594 8855
6594 9837
6596 7338
6599 8223
6604 7709
6605 9558
6608 9847
6612 9428
6613 7086
6614 8693
6615 9840
6616 7765
6618 8392
6625 9602
6626 9118
6627 7967
6628 6640
6629 9990
6630 8251
6635 9795
6637 9407
6645 6801
6648 9150
6651 7259
6651 7288
6652 8130
6654 8464
6654 7079
6657 8613
6657 9450
6657 6679
6661 6934
6662 9171
6664 8825
6665 9641
6666 9093
6669 9856
6670 7497
6671 9420
6674 7464
6674 9412
6675 7242
6675 8817
6677 7668
6678 7824
6680 8388
6683 7088
6685 9002
6686 9289
6687 7424
6688 7720
6688 8898
6689 6743
6690 9163
6694 8677
6699 7245
6699 7412
6699 6896
6699 9882
6699 9157
6700 8171
6701 7871
6702 8449
6702 8763
6703 9144
6704 7366
6705 7794
6706 9680
6706 8731
6711 9218
6711 8008
6714 8222
6716 6764
6718 9097
6719 8800
6720 8437
6721 9130
6723 7087
6723 9768
6725 9266
6726 9289
6727 9758
6730 6859
6730 9908
6731 9588
6733 9929
6735 7675
6737 8658
6739 7520
6740 8174
6743 9689
6744 8058
6745 7733
6746 8740
6749 7496
6749 9398
6751 7876
6751 7593
6752 9951
6752 8080
6754 8496
6754 7743
6757 8108
6757 8811
6761 8135
6761 7591
6762 7761
6765 6994
6771 9764
6774 8437
6775 9441
6776 7327
6777 7771
6777 9586
6778 8015
6782 7107
6786 6837
6788 8949
6788 9954
6788 8282
6793 9331
6794 7109
6794 7290
6797 7123
6797 7759
6798 8213
6798 7353
6799 8503
6799 9305
6800 8793
6804 9469
6807 7955
6810 9790
6811 8440
6811 8052
6812 7422
6816 7619
6817 7193
6821 7694
6822 8706
6822 9875
6823 9275
6823 8028
6825 7056
6829 8741
6829 9495
6829 7226
6830 8841
6830 8679
6832 8235
6838 9318
6840 8589
6842 8808
6842 7859
6843 9589
6847 7177
6847 9444
6849 8270
6850 9345
6852 9751
6853 7130
6855 8594
6855 8639
6856 9418
6857 8653
6859 7563
6860 7053
6861 7040
6866 8608
6867 6923
6867 7122
6868 7020
6871 9070
6871 9506
6873 9561
6873 9535
6874 8661
6876 8937
6877 8203
6879 8682
6880 9767
6883 7196
6884 7208
6885 8768
6886 8280
6892 8981
6894 8466
6894 9923
6897 9083
6897 7682
6898 9781
6898 9654
6898 8677
6899 8587
6899 7182
6902 9609
6902 9768
6903 6977
6903 8307
6906 8232
6911 7030
6912 9119
6915 8912
6921 8847
6922 8884
6924 9086
6927 8537
6928 9871
6932 7073
6933 9260
6933 9181
6934 9958
6935 9894
6935 8128
6936 8209
6938 8556
6938 8549
6940 9099
6946 7467
6947 9238
6949 7248
6950 8993
6952 9465
6953 8370
6954 9072
6956 7248
6958 8687
6959 7757
6960 9520
6961 7710
6962 8357
6964 9529
6966 8481
6970 8948
6976 8892
6980 7754
6982 9658
6983 7808
6984 9350
6987 8663
6989 7559
6991 8964
6991 9367
6992 9421
6994 8016
6995 8584
7000 8952
7004 8705
7005 9659
7011 7013
7013 8947
7017 8541
7019 7902
7022 9415
7023 9995
7023 9958
7026 8413
7027 7837
7029 8041
7031 8476
7033 8720
7034 9089
7036 8008
7037 8531
7040 9596
7042 7329
7043 9112
7046 8582
7047 9676
7052 7536
7056 9174
7056 7690
7057 8093
7060 7089
7060 9952
7061 7284
7063 8604
7064 9594
7065 8083
7066 7437
7072 8541
7075 8275
7075 8598
7077 9107
7080 9216
7081 8159
7081 8840
7083 8719
7085 9660
7086 7778
7097 9481
7099 9120
7099 9670
7101 8736
7105 9571
7106 7262
7108 8614
7110 9399
7111 8886
7112 8136
7114 9524
7114 7620
7115 9712
7116 9232
7117 7578
7119 7595
7120 7572
7121 7145
7128 7913
7128 7707
7129 8048
7130 7586
7131 9016
7132 7533
7132 8813
7133 8956
7133 8025
7133 8934
7134 8551
7137 9629
7139 8385
7142 9184
7142 8554
7143 8422
7145 8840
7146 9856
7149 9074
7152 7534
7153 8103
7153 8829
7154 7951
7154 9397
7154 7156
7155 7947
7161 7220
7161 9411
7164 7922
7165 9155
7167 9967
7169 7442
7172 7175
7173 7910
7176 8136
7176 8546
7178 9567
7180 8761
7181 7742
7181 7986
7185 7999
7185 9748
7190 8829
7192 7398
7193 8519
7194 7249
7195 9579
7196 9244
7196 9568
7198 9883
7198 7274
7201 9242
7202 7983
7203 9412
7203 8252
7204 8371
7206 7859
7206 9486
7207 8963
7212 9878
7213 8256
7215 9295
7216 9129
7218 9791
7220 8390
7222 7858
7222 8121
7224 8911
7230 8011
7231 9564
7235 9679
7235 8806
7236 7478
7238 8957
7239 9111
7241 9186
7241 9270
7246 9255
7256 8106
7256 9706
7257 9700
7258 7448
7265 8145
7267 8995
7270 8162
7273 9471
7274 9286
7278 8457
7279 7694
7280 9655
7281 9152
7281 9503
7283 9153
7284 9699
7286 8831
7287 8978
7287 7830
7289 8173
7289 7788
7292 9502
7296 9836
7296 8987
7298 8582
7298 7364
7299 8915
7299 8687
7301 7897
7302 7833
7304 9536
7307 9581
7307 7669
7308 9500
7309 8703
7310 9475
7310 8172
7311 8086
7312 8708
7321 7823
7321 8600
7322 9103
7323 8941
7324 8151
7327 9555
7332 8623
7333 9859
7338 9146
7340 9640
7342 8135
7347 9337
7347 9008
7348 9793
7349 9566
7351 8859
7354 8122
7361 8364
7362 7517
7363 9855
7364 7565
7365 9504
7366 7375
7367 7736
7368 9810
7373 8167
7376 7717
7376 8212
7377 7881
7385 9161
7387 7454
7392 7559
7394 9264
7397 8410
7399 9490
7400 8527
7406 9210
7408 8548
7408 7674
7409 8033
7412 8383
7415 8242
7419 8864
7420 9193
7424 7664
7427 9312
7428 8773
7430 8209
7430 9195
7434 9097
7435 8711
7436 9123
7437 8728
7439 8221
7440 8354
7440 8470
7443 7718
7443 7600
7444 9445
7446 9566
7447 9261
7449 7882
7452 8001
7453 8489
7453 9646
7454 9211
7455 7918
7456 9345
7463 8319
7464 8074
7466 8666
7471 9335
7475 9478
7477 7978
7477 9595
7480 8342
7480 9565
7481 9753
7482 8404
7485 9843
7485 7547
7488 8037
7491 9322
7491 7729
7493 9697
7502 7552
7502 9201
7503 8039
7504 8123
7505 9042
7508 9026
7509 7859
7511 8312
7512 8610
7514 8668
7518 7647
7523 7787
7524 9727
7525 8070
7526 8130
7529 8311
7530 9672
7535 9098
7536 9048
7538 9237
7539 8963
7539 9059
7540 9269
7540 9544
7541 9725
7542 8710
7546 8176
7548 8402
7550 9627
7551 8283
7554 9420
7558 9452
7560 9893
7561 9438
7564 8895
7565 7968
7565 8577
7565 8667
7565 7652
7568 9291
7569 9997
7570 8689
7574 7678
7575 9734
7576 8368
7578 9528
7579 7633
7583 8843
7583 7726
7584 8566
7591 8907
7591 8906
7594 9998
7595 9460
7596 9896
7597 7961
7598 9753
7598 7704
7599 9517
7601 8565
7602 9361
7605 8302
7607 9938
7611 9842
7613 9916
7614 9055
7615 8419
7621 9987
7621 8068
7622 8627
7623 8828
7623 9381
7626 8445
7628 9112
7631 8555
7634 8161
7636 8082
7641 8344
7642 8396
7645 9946
7646 8853
7650 8970
7650 9137
7652 9125
7652 9396
7652 9283
7655 8166
7656 9626
7657 8371
7658 9449
7659 8322
7660 7841
7664 7850
7665 8917
7666 8020
7671 8717
7672 8408
7672 9506
7673 8122
7676 9453
7683 9941
7684 8982
7686 8261
7687 8637
7692 9294
7692 8984
7693 7991
7693 7705
7693 9707
7694 9605
7698 8515
7699 9621
7704 7725
7704 9747
7705 8295
7708 8694
7711 7987
7713 7742
7719 8279
7721 7925
7721 9600
7723 8814
7723 8495
7728 7992
7728 8441
7731 9257
7732 9154
7737 9224
7738 9326
7740 8544
7741 7743
7744 9968
7745 8968
7745 8198
7747 8719
7748 9281
7749 8426
7750 8812
7752 9865
7755 9546
7757 9502
7758 9151
7760 9875
7762 9500
7769 8539
7779 9399
7781 8289
7781 7890
7783 8355
7783 9806
7791 8172
7793 8967
7798 8697
7799 9885
7800 9909
7801 8481
7802 7936
7803 8340
7804 9092
7804 8476
7804 8423
7809 8690
7811 8836
7813 8593
7817 8474
7822 9087
7822 9649
7824 7935
7826 9701
7826 9388
7829 9430
7831 9617
7831 9658
7832 8193
7834 9670
7835 9091
7836 9759
7840 8608
7843 7925
7845 8523
7848 9313
7850 9290
7853 8799
7856 7945
7861 8268
7863 9424
7866 9583
7870 9646
7876 9584
7877 8708
7878 8999
7878 8683
7883 9661
7887 8818
7892 8473
7901 9138
7919 9333
7926 7962
7929 8018
7930 8702
7930 9355
7930 9841
7933 8327
7934 8896
7937 9953
7938 7970
7940 9231
7941 8212
7943 9979
7943 9083
7945 8254
7946 8503
7948 9567
7948 9007
7956 8704
7958 9566
7963 8752
7964 8252
7966 8811
7972 9686
7974 8568
7975 9158
7977 8972
7979 9372
7981 9593
7993 9926
7995 8158
7996 9815
7999 8630
8000 8051
8001 8789
8002 8229
8007 8944
8008 9816
8011 9970
8011 9384
8014 9470
8016 9945
8022 8668
8026 9595
8026 8078
8030 9201
8031 9741
8032 8806
8035 8936
8044 8947
8046 8514
8048 8076
8049 8959
8051 9751
8054 8095
8055 9935
8056 8767
8056 9795
8057 8529
8059 9441
8061 8945
8062 8329
8063 8249
8064 9990
8069 9810
8070 8854
8072 8521
8075 9741
8075 8374
8076 9765
8079 9003
8080 9910
8081 8979
8087 8760
8088 8162
8088 8360
8089 9306
8092 9780
8092 9462
8094 9193
8096 8775
8099 8452
8103 8250
8117 8802
8120 9219
8122 8460
8127 8500
8128 9918
8130 9371
8134 9959
8135 9085
8141 8891
8142 8785
8143 9325
8143 8942
8148 9960
8148 9989
8150 9005
8150 9656
8156 8776
8165 9576
8166 9814
8170 9540
8175 8300
8175 9911
8178 9700
8181 9810
8185 8412
8185 9225
8186 8885
8194 8988
8197 8745
8197 8435
8199 9610
8201 9904
8205 8321
8205 8634
8209 9935
8210 9332
8211 9562
8218 8853
8220 9328
8231 8757
8234 8942
8237 9081
8237 9291
8247 9797
8255 8335
8258 9562
8260 9585
8267 9603
8267 9800
8268 8344
8272 8756
8273 9222
8277 9256
8280 9031
8292 9487
8301 8676
8303 9376
8307 8474
8310 9673
8310 8892
8314 8436
8316 8951
8319 9302
8322 9556
8328 8382
8331 8837
8333 9132
8338 9985
8339 8817
8343 9239
8343 8967
8344 9925
8348 9329
8353 8461
8353 9368
8356 9268
8357 9205
8358 8976
8361 9209
8363 9364
8364 9243
8364 8934
8365 9304
8365 8648
8366 9824
8369 8888
8371 9170
8372 8555
8373 9225
8374 9309
8374 9999
8379 8763
8382 9594
8385 9341
8391 9101
8391 9341
8391 9544
8395 8673
8398 9770
8400 8401
8401 8561
8402 8628
8403 9720
8404 9553
8406 9518
8407 8654
8408 8769
8409 9854
8415 8690
8416 9605
8418 9194
8418 8493
8420 9147
8423 9828
8428 9892
8429 9702
8431 9344
8440 8727
8442 9803
8446 9067
8448 8889
8453 9776
8453 9481
8454 9263
8454 9623
8456 8705
8462 8923
8465 8779
8469 9541
8471 8895
8475 8616
8475 9786
8476 9202
8481 9492
8486 9702
8494 8763
8495 8700
8497 9185
8504 9473
8504 9112
8507 9483
8508 9191
8509 9430
8514 9013
8516 8605
8517 9784
8533 9181
8534 9116
8540 8581
8549 9566
8553 9543
8557 8735
8579 8726
8583 8671
8595 9372
8597 9221
8599 8765
8612 9890
8628 9785
8634 8885
8635 8834
8640 9419
8642 9439
8656 9948
8661 9530
8663 9922
8668 9040
8669 9822
8676 9991
8679 9692
8685 9548
8688 9875
8692 9448
8696 9828
8697 9447
8699 9625
8708 9320
8709 8892
8714 9680
8715 8859
8717 9907
8718 9326
8724 9694
8728 9058
8732 9892
8735 9187
8738 9873
8739 8790
8744 9814
8748 9193
8752 9021
8754 9537
8765 9898
8775 9731
8777 9077
8781 9878
8792 9163
8795 8896
8799 8889
8799 9418
8805 9662
8809 9409
8810 9700
8813 9419
8816 9698
8822 9130
8831 9152
8832 8976
8834 9842
8837 9860
8839 9076
8845 9362
8851 9181
8852 9042
8862 8974
8863 9980
8865 9261
8879 9025
8880 9024
8893 9360
8893 9642
8895 9531
8898 9499
8900 9029
8911 9173
8911 9958
8913 9207
8917 9817
8918 8967
8919 9432
8925 9886
8929 9503
8933 9653
8938 9172
8940 8946
8943 9547
8948 9334
8948 9363
8969 9023
8985 9217
9015 9042
9016 9798
9020 9465
9031 9078
9035 9610
9037 9062
9042 9857
9044 9512
9045 9839
9046 9393
9046 9052
9048 9507
9053 9587
9055 9658
9061 9353
9066 9592
9071 9774
9075 9097
9077 9380
9082 9411
9090 9753
9091 9697
9095 9610
9095 9830
9097 9678
9102 9773
9105 9462
9109 9618
9110 9746
9122 9829
9122 9522
9127 9565
9142 9526
9150 9628
9157 9404
9159 9637
9160 9196
9160 9634
9162 9310
9162 9229
9163 9472
9168 9551
9182 9802
9191 9784
9199 9794
9203 9726
9212 9481
9212 9969
9219 9822
9228 9498
9229 9395
9250 9922
9250 9952
9254 9493
9255 9383
9258 9415
9265 9862
9272 9413
9272 9849
9282 9621
9293 9817
9305 9519
9331 9540
9347 9884
9356 9377
9378 9480
9381 9782
9389 9570
9394 9855
9405 9461
9408 9607
9411 9511
9415 9537
9417 9454
9430 9568
9436 9966
9446 9582
9500 9927
9501 9791
9517 9606
9521 9802
9587 9928
9590 9977
9593 9942
9596 9813
9633 9891
9646 9779
9649 9714
9691 9762
9711 9743
9801 9811
9865 9961
1186
2804
8102
1063
3848
9256
8632
2574
2784
3554
5258
2021
3606
3212
5472
396
5315
1111
6044
9391
5931
1432
5899
4689
8318
5770
3906
6652
9707
9571
4291
2296
3684
4926
261
2446
8935
4372
1349
5389
105
7814
8428
7812
9147
1195
8359
2546
4253
9654
